36.7279193	127.4427754	90.3432		10	19	36.7279243	127.4433171
36.7279193	127.4428024	90.12356	10	19	36.7279243	127.4433171
36.7279192	127.4428302	90.10661	10	19	36.7279243	127.4433171
36.7279191	127.4428584	90.21679	10	19	36.7279243	127.4433171
36.7279192	127.4428867	89.79726	10	19	36.7279243	127.4433171
36.7279194	127.442915	89.11855	10	19	36.7279243	127.4433171
36.7279197	127.4429435	89.20488	10	19	36.7279243	127.4433171
36.72792	127.442972	89.1919		10	19	36.7279243	127.4433171
36.7279204	127.4430004	88.80336	10	19	36.7279243	127.4433171
36.7279208	127.4430288	88.93789	10	19	36.7279243	127.4433171
36.7279211	127.4430571	89.21709	10	19	36.7279243	127.4433171
36.7279215	127.4430858	88.87049	10	19	36.7279243	127.4433171
36.727922	127.4431148	88.55865	10	19	36.7279243	127.4433171
36.7279225	127.4431438	88.98329	10	19	36.7279243	127.4433171
36.7279227	127.4431729	89.45872	10	19	36.7279243	127.4433171
36.7279229	127.443202	89.33801	10	19	36.7279243	127.4433171
36.7279231	127.4432308	89.66217	10	19	36.7279243	127.4433171
36.7279234	127.4432596	89.07267	10	19	36.7279243	127.4433171
36.7279239	127.4432884	88.83563	10	19	36.7279243	127.4433171
36.7279243	127.4433171	89.05407	10	19	36.7279243	127.4433171
36.7279254	127.4433452	86.67126	10	19	36.7279243	127.4433171
36.7279295	127.4433718	76.70733	10	19	36.7279243	127.4433171
36.7279387	127.4433943	59.39879	10	19	36.7279243	127.4433171
36.727953	127.4434113	40.51403	10	19	36.7279243	127.4433171
36.7279711	127.443421	19.05449	10	19	36.7279243	127.4433171
36.7279916	127.4434243	4.81056		10	19	36.7279243	127.4433171
36.728013	127.4434249	0.77467		10	19	36.7279243	127.4433171
36.7280344	127.4434248	359.68315	10	19	36.7279243	127.4433171
36.7280559	127.4434246	359.36753	10	19	36.7279243	127.4433171
36.7280775	127.4434244	359.75054	10	19	36.7279243	127.4433171
36.7280984	127.4434242	359.22689	10	19	36.7279243	127.4433171