GNSS heading		dr_yaw_angle		yaw_rate_accum_tmp	steer_angle	str_moving_avg_result	stanley_steering_angle	path_angle		dr_yaw_angle		psi			tan_tmp			s			x_error
264.79108000		264.79129003		0.00021003		5		0.00000000		174.79125871		90.00000154		264.79129003		-174.79125871		-4.21530633		8.00924642		0.73704000
264.79108000		264.79073815		0.00054895		180		0.00000000		174.79073760		90.00000154		264.79073815		-174.79073760		-4.21530633		8.00924642		0.73704000
264.79108000		264.79395910		0.00376989		351		0.00000000		174.79394878		90.00000154		264.79395910		-174.79394878		-4.21530633		8.00924642		0.73704000
264.79108000		264.79244166		0.00225245		500		31.55002626		174.79247785		90.00000154		264.79244166		-174.79247785		-4.21530633		8.00924642		0.73704000
264.79108000		264.78758828		-0.00260093		500		40.37691893		174.78759540		90.00000154		264.78758828		-174.78759540		-4.21530633		8.00924642		0.73704000
264.79108000		264.77687917		-0.01697240		500		50.60175456		174.77688172		90.00000154		264.77687917		-174.77688172		-4.21530633		8.00924642		0.73704000
264.79108000		264.79094936		-0.03094821		500		0.00000000		174.79098336		90.00000154		264.79094936		-174.79098336		-4.21530633		8.00924642		0.73704000
264.79108000		264.78096586		-0.04093172		500		70.87603038		174.78096772		90.00000154		264.78096586		-174.78096772		-4.21530633		8.00924642		0.73704000
264.79108000		264.77254994		-0.04934764		500		81.62485831		174.77258300		90.00000154		264.77254994		-174.77258300		-4.21530633		8.00924642		0.73704000
264.79108000		264.78377281		-0.05886471		500		90.71362272		174.78381309		90.00000154		264.78377299		-174.78381309		-4.21530633		8.00924642		0.73704000
264.79108000		264.79072414		-0.07138465		500		99.62725445		174.79076282		90.00000154		264.79072414		-174.79076282		-4.21530633		8.00924642		0.73704000
264.79108000		264.77754138		-0.08456741		500		0.00000000		174.77760481		90.00000154		264.77754138		-174.77760481		-4.21530633		8.00924642		0.73704000
264.79108000		264.79064818		-0.09617031		500		116.31851599		174.79066345		90.00000154		264.79064818		-174.79066345		-4.21530633		8.00924642		0.73704000
264.79108000		264.77813466		-0.10868383		500		124.62079348		174.77814229		90.00000154		264.77813466		-174.77814229		-4.21530633		8.00924642		0.73704000
264.79108000		264.78949905		-0.12042895		500		17.21693349		174.78958392		90.00000154		264.78949905		-174.78958392		-4.21530633		8.00924642		0.73704000
264.79108000		264.77788730		-0.13204069		500		11.79837953		174.77798359		90.00000154		264.77788730		-174.77798359		-4.21530633		8.00924642		0.73704000
264.79108000		264.76536400		-0.14456399		500		0.00000000		174.76542021		90.00000154		264.76536400		-174.76542021		-4.21530633		8.00924642		0.73704000
264.79108000		264.77803810		-0.15938669		500		140.87531931		174.77812300		90.00000154		264.77803810		-174.77812300		-4.21530633		8.00924642		0.73704000
264.79108000		264.79077750		-0.17192068		500		168.22758359		174.79082191		90.00000154		264.79077750		-174.79082191		-4.21530633		8.00924642		0.73704000
264.79108000		264.77753425		-0.18516393		500		174.78188799		174.77757674		90.00000154		264.77753425		-174.77757674		-4.21530633		8.00924642		0.73704000
264.79108000		264.76564377		-0.19705441		500		88.79019315		174.76571952		90.00000154		264.76564377		-174.76571952		-4.21530633		8.00924642		0.73704000
264.79108000		264.77524792		-0.21488906		500		174.78006934		174.77526238		90.00000154		264.77524792		-174.77526238		-4.21530633		8.00924642		0.73704000
264.79108000		264.79022632		-0.23134763		500		117.88909152		174.79034836		90.00000154		264.79022632		-174.79034836		-4.21530633		8.00924642		0.73704000
264.79108000		264.77420116		-0.24737279		500		174.77847592		174.77422646		90.00000154		264.77420116		-174.77422646		-4.21530633		8.00924642		0.73704000
264.79108000		264.78896051		-0.27184005		500		174.77768857		174.78902347		90.00000154		264.78896051		-174.78902347		-4.21530633		8.00924642		0.73704000
264.79108000		264.76207260		-0.29872796		500		174.77792965		174.76213967		90.00000154		264.76207260		-174.76213967		-4.21530633		8.00924642		0.73704000
264.79108000		264.79095565		-0.32540669		500		114.13050092		174.73559456		90.00000154		264.79095565		-174.73559456		-4.21530633		8.00924642		0.73704000
264.79108000		264.77488684		-0.34147550		500		174.77607519		174.77490188		90.00000154		264.77488684		-174.77490188		-4.21530633		8.00924642		0.73704000
264.79108000		264.79019001		-0.34327480		500		174.77584515		174.79020096		90.00000154		264.79019001		-174.79020096		-4.21530633		8.00924642		0.73704000
264.79108000		264.77042097		-0.36304383		500		174.77596251		174.77067899		90.00000154		264.77042097		-174.77067899		-4.21530633		8.00924642		0.73704000
264.79108000		264.74734921		-0.38611559		500		174.77477763		174.74739513		90.00000154		264.74734921		-174.74739513		-4.21530633		8.00924642		0.73704000
264.79108000		264.76362485		-0.41536168		500		107.92517070		174.76398283		90.00000154		264.76362485		-174.76398283		-4.21530633		8.00924642		0.73704000
264.79108000		264.78359960		-0.48960119		500		174.77260743		174.78386281		90.00000154		264.78359960		-174.78386281		-4.21530633		7.99829389		0.73704000
264.79108000		264.65861421		-0.61458658		500		129.33335599		174.65980935		90.00000154		264.65861421		-174.65980935		-4.21530633		7.99829389		0.73704000
264.79108000		264.77136548		-0.79461055		500		116.22471175		174.77276491		90.00000154		264.77136548		-174.77276491		-4.21530633		7.97638921		0.73704000
264.79108000		264.52884353		-1.03713249		500		108.27268009		174.53062426		90.00000154		264.52884353		-174.53062426		-4.21530633		7.97638921		0.73704000
75.27419000		75.27226210		-1.34688461		500		153.35075929		174.22159094		90.00000154		75.27226210		-174.22159094		-4.21530633		7.97638921		0.73704000
75.27419000		74.91398156		-1.70516516		500		163.25455688		-15.08484776		90.00000154		74.91398156		15.08484776		-4.11408573		7.94189242		0.71928000
75.04085000		75.02574667		-2.10594227		500		151.94687604		-14.97288346		90.00000154		75.02574667		14.97288346		-4.06346575		7.87535794		0.71040000
75.04085000		74.57633139		-2.55535755		500		141.02383436		-15.42208490		90.00000154		74.57633139		15.42208490		-3.37797145		7.86755309		0.70830152
75.04085000		74.07875553		-3.05293341		500		131.32668800		-15.91722895		90.00000154		74.07875553		15.91722895		-3.34605458		7.84312648		0.70159380
69.97928000		69.46903828		-3.59071816		500		18.00159188		-20.52856631		90.00000154		69.46903828		20.52856631		-3.26560690		7.77440244		0.68468866
76.23028000		76.16165754		-4.16671910		500		107.76985896		-13.83330423		90.00000154		76.16165754		13.83330423		-3.25818077		7.69505439		0.68312828
76.23028000		75.53364927		-4.79472738		500		85.97395940		-14.46224282		90.00000154		75.53364927		14.46224282		-3.22904971		7.67031570		0.67700750
70.89904000		70.83009137		-5.45870734		500		86.36417233		-19.16918055		90.00000154		70.83009137		19.16918055		-3.13045892		7.58330648		0.65629495
70.89904000		70.14610732		-6.14269140		500		24.99288370		-19.85021342		90.00000154		70.14610732		19.85021342		-3.09109613		7.55933733		0.64802648
72.79292000		72.70289432		-6.84995546		500		66.33792913		-17.29589518		90.00000154		72.70289432		17.29589518		-3.04543433		7.46061668		0.63843562
72.79292000		71.99955194		-7.55329783		500		62.53140756		-17.99516015		90.00000154		71.99955194		17.99516015		-3.00986788		7.43658030		0.63096576
67.66100000		67.63702530		-8.21792637		500		55.65580827		-22.35864115		90.00000154		67.63702530		22.35864115		-2.83701759		7.33863026		0.59466964
67.66100000		67.00758935		-8.84736232		500		37.76828113		-22.99218500		90.00000154		67.00758935		22.99218500		-2.79030813		7.31444419		0.58486320
67.33425000		67.32752568		-9.42841148		466		27.96613421		-22.67173903		90.00000154		67.32752568		22.67173903		-2.71100892		7.22731461		0.56821648
67.33425000		66.79700500		-9.95893216		301		18.08179122		-23.20081467		90.00000154		66.79700500		23.20081467		-2.66450700		7.20355701		0.55845567
67.37022000		67.30662793		-10.44107527		136		8.18447226		-22.68870682		90.00000154		67.30662793		22.68870682		-2.57889450		7.13482209		0.54048743
67.37022000		66.84628906		-10.90141415		-33		-1.99167220		-23.15178907		90.00000154		66.84628906		23.15178907		-2.53197780		7.11085926		0.53064165
64.37269000		64.31935019		-11.31525778		-199		-11.99801376		-25.68005189		90.00000154		64.31935019		25.68005189		-2.49295712		7.05648332		0.52245344
64.37269000		63.95119962		-11.68340835		-322		-5.66122171		-26.04678610		90.00000154		63.95119962		26.04678610		-2.44106307		7.03328021		0.51156460
64.37269000		63.60004168		-12.03456629		-332		-2.87818590		-26.39818110		90.00000154		63.60004168		26.39818110		-2.38809732		7.00997047		0.50045176
62.01371000		61.69025444		-12.36779929		-343		-8.69730756		-28.30391853		90.00000154		61.69025444		28.30391853		-2.31894159		6.98705662		0.48594335
67.11925000		67.11187077		-12.66496186		-354		-21.28467794		-22.88805322		90.00000154		67.11187387		22.88805322		-2.28710975		6.91317898		0.47926572
67.11925000		66.84675991		-12.93007273		-361		-11.97117413		-23.15140791		90.00000154		66.84675991		23.15140791		-2.24112001		6.88986085		0.46961860
66.74809000		66.73779717		-13.17893298		-365		-21.91596679		-23.26124963		90.00000154		66.73779717		23.26124963		-2.20183415		6.84581711		0.46137820
66.74809000		66.51174242		-13.40498773		-367		-22.06371835		-23.48773020		90.00000154		66.51174242		23.48773020		-2.15469634		6.82233016		0.45149140
60.51639000		66.31446785		-13.60226230		-374		-22.45224076		-23.68326121		90.00000154		66.31446785		23.68326121		-2.49148242		6.77910588		0.43512000
60.51639000		66.13462309		-13.78210707		-382		-0.40150418		-23.86455705		90.00000154		66.13462309		23.86455705		-2.49148242		6.77910588		0.43512000
65.21553000		65.19087403		-13.95403577		-387		-2.29946438		-24.80827881		90.00000154		65.19087403		24.80827881		-2.38990968		6.72308613		0.41736000
65.21553000		65.02879337		-14.11611643		-391		-23.51874993		-24.97067839		90.00000154		65.02879337		24.97067839		-2.38990968		6.72308613		0.41736000
67.34119000		67.31576254		-14.27400129		-396		-3.13154323		-22.68342292		90.00000154		67.31576254		22.68342292		-2.28832191		6.65611717		0.39960000
67.34119000		67.14904179		-14.44072205		-400		-22.38855847		-22.84954784		90.00000154		67.14904179		22.84954784		-1.89056527		6.64704745		0.39610282
63.48580000		63.45155073		-14.60400127		-404		-3.27350182		-26.54763445		90.00000154		63.45155249		26.54763445		-1.81128906		6.58432403		0.37948191
63.48580000		63.29619987		-14.75935214		-407		-20.27943172		-26.70249765		90.00000154		63.29619987		26.70249765		-1.75799324		6.56143232		0.36830882
65.74672000		65.74004522		-14.90865488		-410		-10.54060089		-24.25896639		90.00000154		65.74004522		24.25896639		-1.69352803		6.48790195		0.35479500
65.74672000		65.59818783		-15.05051227		-411		-8.13313222		-24.40103314		90.00000154		65.59818783		24.40103314		-1.64446215		6.46462878		0.34450994
66.82645000		66.79823508		-15.18369952		-412		-24.73968885		-23.20072266		90.00000154		66.79823508		23.20072266		-1.29175077		6.35660022		0.31568774
66.82645000		66.69222766		-15.28970694		-412		-14.03448663		-23.30715225		90.00000154		66.69222766		23.30715225		-1.21126178		6.30990923		0.29601118
61.90281000		61.88645011		-15.37093881		-411		-1.77827527		-28.11324011		90.00000154		61.88645011		28.11324011		-1.12718107		6.22186332		0.27545783
61.90281000		61.83590978		-15.42147914		-413		-16.44170019		-28.16341081		90.00000154		61.83590978		28.16341081		-1.03184246		6.17733230		0.25215393
66.83469000		66.83464764		-15.43892982		-413		-10.67900900		-23.16536328		90.00000154		66.83464764		23.16536328		-0.93792382		6.06144920		0.22919849
66.83469000		66.85743955		-15.41613791		-409		-24.55480392		-23.14270708		90.00000154		66.85743955		23.14270708		-0.75326940		6.01418220		0.21036462
63.13227000		63.14834606		-15.34302044		-408		-19.67907282		-26.85241842		90.00000154		63.14834606		26.85241842		-0.61619763		5.94509718		0.17208147
63.13227000		63.26741642		-15.22395007		-411		-7.62581639		-26.73340755		90.00000154		63.26741642		26.73340755		-0.49528844		5.87736880		0.13831407
66.49219000		66.50657631		-15.05537708		-414		-24.85659984		-23.49374252		90.00000154		66.50657631		23.49374252		-0.40563439		5.80916915		0.11327638
66.49219000		66.73164107		-14.83031231		-414		-24.85061552		-23.26948608		90.00000154		66.73164107		23.26948608		-0.29907626		5.73985429		0.08351861
67.75973000		67.85013353		-14.55050598		-413		-17.50880990		-22.15226952		90.00000154		67.85013353		22.15226952		-0.17461875		5.41351538		0.04876290
67.75973000		68.19192740		-14.20871212		-411		-15.65487391		-21.81063340		90.00000154		68.19192740		21.81063340		-0.05176888		5.34255766		0.01626368
67.66876000		68.61062008		-13.79001943		-409		-24.55842909		-21.38983399		90.00000154		68.61062008		21.38983399		0.08705956		5.15666200		0.02735059
67.66876000		69.11187505		-13.28876446		-405		-7.13810438		-20.89118245		90.00000154		69.11187505		20.89118245		0.20288025		5.06292834		0.06373698
68.71572000		68.84566801		-12.71896239		-403		-14.88808121		-21.15776097		90.00000154		68.84566801		21.15776097		0.27882760		4.89802257		0.08759696
68.71572000		69.48172778		-12.08290263		-401		-24.07425397		-20.51927368		90.00000154		69.48172778		20.51927368		0.39280429		4.80479303		0.12340504
70.21574000		70.36119578		-11.35429151		-394		-23.68749437		-19.64153361		90.00000154		70.36119578		19.64153361		0.50293784		4.71150041		0.15800664
70.21574000		71.17735579		-10.53813150		-388		-14.38275130		-18.82727411		90.00000154		71.17735579		18.82727411		0.60841041		4.61788177		0.19114495
71.44132000		71.63574065		-9.64954614		-382		-22.97032795		-18.36671805		90.00000154		71.63574065		18.36671805		0.69949418		4.31977642		0.21976349
71.44132000		72.60498943		-8.68029736		-377		-10.41838504		-17.40168441		90.00000154		72.60497810		17.40168441		0.79681114		4.22691738		0.25034174
74.94064000		75.23024554		-7.60657207		-371		-22.31116401		-14.77234104		90.00000154		75.23024554		14.77234104		0.86903481		3.99956406		0.27303627
74.94064000		76.40266322		-6.43415439		-361		-0.30947863		-13.60278614		90.00000154		76.40266322		13.60278614		0.94683608		3.90496328		0.29748440
76.74860000		77.11004172		-5.16693087		-348		-20.92799434		-12.90168565		90.00000154		77.11004172		12.90168565		0.93748760		3.65623558		0.32727411
76.74860000		78.43488866		-3.84208393		-337		-4.54227656		-11.58425646		90.00000154		78.43488866		11.58425646		1.01287263		3.53804065		0.35359608
80.40301000		80.79084474		-2.55437739		-327		-4.89207401		-9.21571945		90.00000154		80.79084474		9.21571945		1.03529640		3.41486122		0.36142595
80.40301000		81.95993259		-1.38528953		-314		-14.22380782		-8.04830883		90.00000154		81.95993259		8.04830883		1.08871525		3.29472556		0.38007905
86.37168000		86.41515607		-0.31872129		-297		-13.14761636		-3.59251022		90.00000154		86.41515607		3.59251022		1.18768729		2.99044262		0.37317641
86.37168000		87.44411287		0.71023551		-277		-16.63820319		-2.55766551		90.00000154		87.44411287		2.55766551		1.20497988		2.89069328		0.37861141
86.05544000		86.26430947		1.63989582		-259		-15.54629035		-3.73836592		90.00000154		86.26430947		3.73836592		1.24850463		2.79346625		0.39229138
86.05544000		87.10059772		2.47618407		-242		-14.53371312		-2.90152691		90.00000154		87.10059772		2.90152691		1.26702093		2.69494637		0.39811125
87.99764000		88.22226213		3.27405049		-226		-8.86740480		-1.78258741		90.00000154		88.22226213		1.78258741		1.27470540		2.35028218		0.40052659
87.99764000		88.99805405		4.04984241		-209		-12.18265558		-1.00827043		90.00000154		88.99805405		1.00827043		1.28250284		2.25155781		0.40297745
88.29341000		88.46558628		4.79016614		-191		-1.53350799		-1.53770922		90.00000154		88.46558628		1.53770922		1.27417944		2.15189612		0.40036127
88.29341000		89.17412989		5.49870975		-175		-10.52652726		-0.82781153		90.00000154		89.17412989		0.82781153		1.28055996		2.05223399		0.40236677
91.90003000		92.09869370		6.15927284		-157		-1.32486243		2.09560671		90.00000154		92.09869370		-2.09560671		1.14083264		1.69447077		0.39827834
91.90003000		92.70992571		6.77050486		-135		-3.89292447		2.70716416		90.00000154		92.70992571		-2.70716416		1.12590117		1.57302558		0.39306424
89.54204000		89.62698282		7.33360930		-114		-7.02369402		-0.37710647		90.00000154		89.62698282		0.37710647		1.11074051		1.45203680		0.38777015
89.54204000		90.12254698		7.82917346		-96		-6.03279098		0.11925025		90.00000154		90.12254698		-0.11925025		1.11150367		1.33303869		0.38803664
92.85763000		92.99866010		8.26312720		-78		-4.56359076		2.99623972		90.00000154		92.99865557		-2.99623972		1.08765260		1.00622472		0.37970798
92.85763000		93.37343980		8.63790689		-61		-1.83385011		3.37193645		90.00000154		93.37343980		-3.37193645		1.06755696		0.88939675		0.37269080
92.76660000		92.84726955		8.95039463		-44		-2.67441848		2.84711690		90.00000154		92.84726955		-2.84711690		1.06355331		0.66651288		0.37129278
92.76660000		93.09995453		9.20307960		-29		-1.36708402		3.09889238		90.00000154		93.09995453		-3.09889238		1.04498764		0.56994597		0.36480995
92.74960000		93.29189220		9.39501727		-15		-1.17344340		3.29064072		90.00000154		93.29189220		-3.29064072		0.91847951		0.42527167		0.35270102
92.74960000		93.43419320		9.53731827		-1		-0.09422540		6.73410973		86.69984720		93.43419320		-6.73410973		0.89051318		0.42951187		0.34196004
94.63624000		94.65382444		9.62664535		10		-0.69867035		4.65348294		90.00000154		94.65382444		-4.65348294		0.84732835		0.44116655		0.32537444
94.63624000		94.67612954		9.64895044		21		1.28027328		8.37125353		86.30486747		94.67612954		-8.37125353		0.79812869		0.47467451		0.30647924
93.68483000		93.67396011		9.62796638		29		0.76843595		5.26886164		88.40547120		93.67396011		-5.26886164		0.74768899		0.49093797		0.28710826
93.68483000		93.60922376		9.56323003		36		-0.35152141		5.20425263		88.40547120		93.60922376		-5.20425263		0.71188641		0.48790601		0.27335882
91.95960000		91.93094810		9.44084048		43		2.58577067		3.33246512		88.59866522		91.93094810		-3.33246512		0.68570263		0.51054118		0.26330347
91.95960000		91.76977047		9.27966285		47		2.85306106		3.17155929		88.59866522		91.76977047		-3.17155929		0.66353141		0.49791789		0.25478916
93.29354000		93.22539590		9.10486989		51		3.11181124		5.66006267		87.56707949		93.22539590		-5.66006267		0.57885789		0.53040819		0.22227303
93.29354000		93.01864902		8.89812302		57		3.43235781		5.27430445		87.74490722		93.01864902		-5.27430445		0.54112781		0.55155550		0.20778434
91.88306000		91.79753061		8.65516490		62		3.72884588		4.05300868		87.74490722		91.79753061		-4.05300868		0.46711763		0.54888723		0.19567011
91.88306000		91.54675638		8.40439067		64		3.87888086		3.51699546		88.03254875		91.54675638		-3.51699546		0.43993652		0.58750217		0.18428380
92.31124000		92.22041026		8.13069121		65		3.94060935		4.18864763		88.03254875		92.22041026		-4.18864763		0.40447461		0.58639301		0.16942874
92.31124000		91.91682938		7.82711033		66		3.99181045		3.76758726		88.15051132		91.91682938		-3.76758726		0.37526568		0.60802481		0.15719316
91.94423000		91.87510700		7.51505750		70		4.20501734		3.72761234		88.15051132		91.87510700		-3.72761234		0.32738271		0.58759873		0.13713524
91.94423000		91.56630820		7.20625870		72		4.37867265		3.21865700		88.34855473		91.56630820		-3.21865700		0.30141455		0.67778877		0.12625740
90.23816000		90.18417140		6.90216108		72		4.36240633		1.83792297		88.34855473		90.18417140		-1.83792297		0.29437982		0.64024262		0.12331061
90.23816000		89.86347161		6.58146129		71		4.26726100		1.51756520		88.34855473		89.86347161		-1.51756520		0.30883409		0.64831528		0.11858492
89.96796000		89.85733071		6.25491295		69		4.17678518		1.42500386		88.43248353		89.85733071		-1.42500386		0.28368364		0.66808044		0.10892759
89.96796000		89.55873513		5.95631737		67		2.74181297		1.12823710		88.43248353		89.55873513		-1.12823710		0.27505102		0.66663839		0.10561282
88.66653000		88.57811256		5.65440207		65		3.92326177		0.74793604		87.83291107		88.57811256		-0.74793604		0.27580439		0.74341297		0.10590210
88.66653000		88.28226287		5.35855238		60		0.22595813		0.45054897		87.83291107		88.28226287		-0.45054897		0.27166284		0.72267791		0.10431182
87.14005000		87.07115439		5.09287561		55		3.30750646		-0.76133159		87.83291107		87.07115439		0.76133159		0.25623348		0.72073951		0.09838725
87.14005000		86.80925952		4.83098074		47		2.86444015		-1.02278155		87.83291107		86.80925952		1.02278155		0.26234405		0.74001223		0.10073359
87.51738000		87.44241254		4.58285569		42		2.53764907		-0.51717102		87.96027599		87.44241254		0.51717102		0.26105828		0.76345052		0.10023988
87.51738000		87.24127292		4.38171608		37		1.06524664		-0.71794026		87.96027599		87.24127489		0.71794026		0.26531413		0.76211282		0.10187404
87.63758000		87.59777998		4.20297005		34		2.02687053		-0.36114062		87.96027599		87.59777998		0.36114062		0.24283851		0.77226408		0.09324385
87.63758000		87.42659344		4.03178351		30		2.01116935		-1.28752777		88.71540234		87.42659344		1.28752777		0.24809939		0.82077905		0.09526392
87.01732000		86.96366322		3.88055725		24		1.46914585		-1.75046063		88.71540234		86.96366322		1.75046063		0.26382210		0.80501663		0.10130113
87.01732000		86.84386077		3.76075480		18		1.12934145		-1.87114492		88.71540234		86.84386077		1.87114492		0.27625393		0.80744476		0.10607471
85.09512000		85.05483969		3.64997567		13		0.82313922		-3.09519943		88.15051136		85.05483969		3.09519943		0.28980454		0.88272656		0.11127790
85.09512000		84.96057315		3.55570913		7		0.33051827		-3.18957239		88.15051136		84.96057315		3.18957239		0.31126183		0.85115682		0.11951714
86.48760000		86.47076120		3.50030055		2		0.13535116		-1.67968394		88.15051136		86.47076120		1.67968394		0.29645529		0.84087872		0.11383167
86.48760000		86.43548729		3.46502665		-2		-0.12941738		-1.71499344		88.15051136		86.43548729		1.71499344		0.30814955		0.84514875		0.11832207
86.62023000		86.61789251		3.44959263		-6		-0.41923768		-2.19628259		88.81418827		86.61789251		2.19628259		0.30659043		0.91551736		0.11772339
86.62023000		86.61875454		3.45045466		-11		0.34432526		-2.19548813		88.81418827		86.61875454		2.19548813		0.32172104		0.88436847		0.12353331
85.48922000		85.49683782		3.46905221		-16		-0.08038541		-3.31750751		88.81418827		85.49683782		3.31750751		0.33311488		0.87687917		0.12790837
85.48922000		85.53896257		3.51117696		-21		-0.49222333		-3.27550914		88.81418827		85.53896257		3.27550914		0.35586730		0.88286715		0.13664499
87.00573000		85.58974267		3.56195706		-25		-1.52930613		-2.67629401		88.26603158		85.58974267		2.67629401		0.35501952		0.93849983		0.13631945
87.00573000		85.66708777		3.63930216		-28		-1.73577882		-2.59910369		88.26603158		85.66708777		2.59910369		0.37287999		0.91222475		0.14317766
85.86797000		85.91412876		3.74722613		-31		-1.05596960		-2.35276216		88.26603158		85.91412876		2.35276216		0.37856649		0.90502282		0.14536121
85.86797000		86.02678783		3.85988520		-33		-2.01455848		-2.23938611		88.26603158		86.02678783		2.23938611		0.39430734		0.90594589		0.15140554
86.48053000		86.52126610		3.98783571		-34		-0.40001986		-2.35160765		88.87201749		86.52126610		2.35160765		0.37529634		0.96434226		0.14410551
86.48053000		86.67438650		4.14095610		-35		-2.15073917		-2.19767343		88.87201749		86.67438650		2.19767343		0.39115567		0.93616871		0.15019533
87.33236000		86.83468189		4.30125150		-37		-0.17612572		-2.03812307		88.87201749		86.83468189		2.03812307		0.39563384		0.92716797		0.15191490
87.33236000		86.98749654		4.45406615		-38		-2.28311680		-1.88477845		88.87201749		86.98749654		1.88477845		0.40910379		0.93299323		0.15708725
88.20254000		88.24277663		4.61464762		-38		-2.32097789		-0.62930704		88.87201749		88.24277663		0.62930704		0.41961148		0.95092098		0.16112212
88.20254000		88.41672378		4.78859477		-37		-2.27465568		-0.52169327		88.93682883		88.41672378		0.52169327		0.42337915		1.03221729		0.16256888
87.46048000		87.53054344		4.96207623		-37		-2.22623183		-1.40796385		88.93682883		87.53054344		1.40796385		0.39617387		0.98133759		0.15212227
87.46048000		87.70755562		5.13908840		-36		-2.18072238		-1.22928720		88.93682883		87.70755562		1.22928720		0.37247852		0.98939698		0.15602563
88.89512000		88.97784771		5.32101395		-33		-0.14251370		0.01645758		88.96071509		88.97784771		-0.01645758		0.35945595		1.02490921		0.15057053
88.89512000		89.14802282		5.49118906		-31		-1.88116726		0.18687200		88.96071509		89.14802282		-0.18687200		0.35871674		1.00610987		0.15026088
88.80429000		88.86801111		5.65391283		-29		-1.77322473		-0.09389508		88.96071509		88.86801111		0.09389508		0.33877391		0.99991218		0.14190693
88.80429000		89.01584396		5.80174568		-27		-1.65446967		0.05471137		88.96071509		89.01584396		-0.05471137		0.33890774		1.00622654		0.14196299
89.19187000		89.23801419		5.94063122		-25		-1.45518860		-0.25456534		89.49173661		89.23801419		0.25456534		0.33937227		1.04785770		0.14215758
89.19187000		89.37180872		6.07442574		-22		-0.52040755		-0.12050384		89.49173661		89.37180872		0.12050384		0.34073438		1.02635148		0.14272817
88.53667000		88.56545320		6.19288054		-19		-1.16723768		-0.92708349		89.49173661		88.56545320		0.92708349		0.32967779		1.02009731		0.13809663
88.53667000		88.67705941		6.30448675		-17		-0.15024485		-0.81511214		89.49173661		88.67705941		0.81511214		0.33604854		1.02585469		0.14076529
90.40856000		90.44770296		6.40514529		-15		-0.90459811		0.94470977		89.50266648		90.44770296		-0.94470977		0.31477597		1.06159385		0.13185437
90.40856000		90.52850086		6.48594319		-11		-0.73972490		1.02531483		89.50266648		90.52850086		-1.02531483		0.30759931		1.04313909		0.12884813
90.83475000		90.86483621		6.55927950		-8		-0.57244608		1.36152480		89.50266648		90.86483621		-1.36152480		0.30286051		1.03909199		0.12686309
90.83475000		90.93007997		6.62452325		-5		-0.43569174		1.42694690		89.50266648		90.93007997		-1.42694690		0.29269496		1.04266589		0.12260484
90.51889000		90.53686907		6.67322748		-3		-0.18860882		1.01857631		89.51820746		90.53686907		-1.01857631		0.29307327		1.08802381		0.12276331
90.51889000		90.56595035		6.70230875		0		-0.12329174		1.04761869		89.51820746		90.56595035		-1.04761869		0.28551135		1.07278895		0.11959570
90.23661000		90.24327688		6.72453389		1		-0.16754399		0.72502357		89.51820746		90.24327688		-0.72502357		0.26209608		1.06779436		0.10978731
90.23661000		90.24231070		6.72356771		2		0.15204839		0.72412968		89.51820746		90.24231070		-0.72412968		0.25670489		1.07097494		0.10752901
90.09668000		90.09849586		6.72198963		3		0.21183879		0.57044273		89.52803954		90.09849586		-0.57044273		0.25255314		1.10645467		0.10578990
90.09668000		90.08954767		6.71304144		5		0.31620447		0.56151006		89.52803954		90.08954767		-0.56151006		0.24828281		1.09122447		0.10400111
89.61347000		89.60192729		6.68454878		6		-0.03186245		0.07402373		89.52803954		89.60192729		-0.07402373		0.24287944		1.08793124		0.10173771
89.61347000		89.58536372		6.66798521		6		0.38423991		0.05739074		89.52803954		89.58536372		-0.05739074		0.24239921		1.09102196		0.10153655
90.67049000		90.65509131		6.64200515		6		0.39100070		0.65553840		90.00000154		90.65509131		-0.65553840		0.20971267		1.13771178		0.08784463
90.67049000		90.61166163		6.59857547		7		0.06443647		0.61190486		90.00000154		90.61166163		-0.61190486		0.20505027		1.13021385		0.08589162
90.29323000		90.28311687		6.57019063		7		0.44794339		0.28313264		90.00000154		90.28311687		-0.28313264		0.19471940		1.12923863		0.08836120
90.29323000		90.25670597		6.54377973		7		0.46407310		0.25671017		90.00000154		90.25670597		-0.25671017		0.19262558		1.13188275		0.08741104
91.14888000		91.13822247		6.50776742		8		0.49865958		1.13837610		90.00000154		91.13822247		-1.13837610		0.19303386		1.16475151		0.08759632
91.14888000		91.10001982		6.46956478		9		0.55737218		1.10005963		90.00000154		91.10001982		-1.10005963		0.18430157		1.15204066		0.08363369
89.16469000		89.15221680		6.43279402		10		0.01567486		-0.84762495		90.00000154		89.15221680		0.84762495		0.19783668		1.15112902		0.08977579
89.16469000		89.11543967		6.39601690		10		0.66207537		-0.88426682		90.00000154		89.11543967		0.88426682		0.20446969		1.15364508		0.09278579
90.20428000		90.17745637		6.34387152		9		0.39631068		0.61408666		89.56365788		90.17745637		-0.61408666		0.19345064		1.18525435		0.08778545
90.20428000		90.11603188		6.28244703		8		0.33241566		0.55264947		89.56365788		90.11603188		-0.55264947		0.18898885		1.17430153		0.08576073
88.97716000		88.95451809		6.23522632		7		0.19976639		-0.60797964		89.56365788		88.95451809		0.60797964		0.18825269		1.17238826		0.08542667
88.97716000		88.90044180		6.18115003		5		0.34646351		-0.66309161		89.56365788		88.90044180		0.66309161		0.19322713		1.17460958		0.08768402
89.44074000		89.43035440		6.13473552		4		0.16604538		-0.14122336		89.57173805		89.43035440		0.14122336		0.19652081		1.22376753		0.08917866
89.44074000		89.40881446		6.11319558		3		0.19293239		-0.16291371		89.57173805		89.40881446		0.16291371		0.19770649		1.19873552		0.08971671
89.93988000		89.92710588		6.08922642		2		0.15296837		0.35563273		89.57173805		89.92710588		-0.35563273		0.18540423		1.19399364		0.08413406
89.93988000		89.89210193		6.05422248		2		0.20895965		0.32048011		89.57173805		89.89210215		-0.32048011		0.18282721		1.19491751		0.08296464
89.16467000		89.16480860		6.04861145		1		0.11976582		-0.41850398		89.58331229		89.16480860		0.41850398		0.17833096		1.25966474		0.08092428
89.16467000		89.16680285		6.05060570		1		0.09616312		-0.41648088		89.58331229		89.16680285		0.41648088		0.18152389		1.23062760		0.08237320
89.52969000		89.15632569		6.04012854		1		0.14366155		-0.42695374		89.58331229		89.15632569		0.42695374		0.18181537		1.22658643		0.08250547
89.52969000		89.16336634		6.04716919		0		0.08675638		-0.41999681		89.58331229		89.16336634		0.41999681		0.18508573		1.22733540		0.08398953
90.07574000		90.07330201		6.04746099		0		-0.01036379		0.47922218		89.59427743		90.07330201		-0.47922218		0.18102074		1.29840183		0.08214488
90.07574000		90.06426556		6.03842453		0		-0.00044502		0.46998367		89.59427743		90.06426556		-0.46998367		0.17729670		1.26332267		0.08045495
88.69545000		88.69953660		6.04483157		0		0.05224736		-0.89478390		89.59427743		88.69953660		0.89478390		0.17850991		1.25999874		0.08100549
88.69545000		88.70959338		6.05488835		-2		-0.12206967		-0.88471620		89.59427743		88.70959338		0.88471620		0.18543019		1.25966039		0.08414584
90.06683000		90.06844152		6.06261192		-3		-0.19730546		0.47415050		89.59427743		90.06844152		-0.47415050		0.18413244		1.26809235		0.08355694
90.06683000		90.07122148		6.06539188		-2		-0.13494853		0.46994079		89.60127244		90.07122148		-0.46994079		0.18047633		1.29564441		0.08189783
89.21211000		89.22156471		6.08175300		-1		-0.08620019		-0.37975608		89.60127244		89.22156471		0.37975608		0.17150030		1.28100425		0.07782460
89.21211000		89.24229527		6.10248356		-2		-0.11997907		-0.35913747		89.60127244		89.24229527		0.35913747		0.17435856		1.28095864		0.07912165
88.82939000		88.83098857		6.11249680		-3		-0.08063657		-0.77026388		89.60127244		88.83098857		0.77026388		0.16389968		1.28448051		0.07437552
88.82939000		88.82948121		6.11098943		-3		-0.22664097		-1.17053427		90.00000154		88.82948121		1.17053427		0.15872293		1.32470070		0.07756685
90.43955000		90.45531580		6.13610940		-3		-0.21281668		0.45480662		90.00000154		90.45531580		-0.45480662		0.14360437		1.30221133		0.07017848
90.43955000		90.48095568		6.16174928		-2		-0.16216059		0.48078989		90.00000154		90.48095568		-0.48078989		0.13978483		1.30158848		0.06831189
89.08131000		89.08774643		6.17750954		-2		-0.13647849		-0.91238908		90.00000154		89.08774643		0.91238908		0.13100798		1.30413315		0.06859574
89.08131000		89.11294826		6.20271138		-3		0.00248211		-0.50492115		89.61774835		89.11294826		0.50492115		0.13826555		1.35845392		0.07239581
90.03579000		89.14371759		6.23348070		-4		-0.04093467		-0.47412728		89.61774835		89.14371759		0.47412728		0.15011570		1.33590082		0.07860058
90.03579000		89.16015700		6.24992012		-4		-0.29112732		-0.45760904		89.61774835		89.16015700		0.45760904		0.15400794		1.33600748		0.08063856
90.26057000		90.27046209		6.27302936		-4		-0.22896104		0.65252141		89.61774835		90.27046179		-0.65252141		0.13665504		1.34073412		0.07155255
90.26057000		90.29761513		6.30018240		-3		-0.13032841		0.67347616		89.62396367		90.29761513		-0.67347616		0.13105246		1.36353941		0.06861903
88.82990000		88.84547282		6.32932826		-3		-0.07423302		-0.77870679		89.62396367		88.84547244		0.77870679		0.13237923		1.35657418		0.06931373
88.82990000		88.88548842		6.36934386		-4		-0.25307201		-0.73862770		89.62396367		88.88548842		0.73862770		0.13888764		1.35745463		0.07272154
90.31024000		90.32509621		6.40080257		-4		-0.28311011		0.32504766		90.00000154		90.32509621		-0.32504766		0.10984403		1.38735333		0.06134856
90.31024000		90.33979880		6.41550516		-3		-0.16420374		0.33966923		90.00000154		90.33979859		-0.33966923		0.10695598		1.37842046		0.05973555
89.50100000		89.51886732		6.44325910		-3		-0.18925096		-0.48125707		90.00000154		89.51886732		0.48125707		0.11351971		1.37806244		0.06340145
89.50100000		89.55350330		6.47789508		-3		-0.21656600		-0.44654022		90.00000154		89.55350330		0.44654022		0.11754468		1.38005797		0.06564943
89.71846000		89.73062840		6.51115101		-4		-0.25192607		0.09192089		89.63865228		89.73062840		-0.09192089		0.11830170		1.41487524		0.07020174
89.71846000		89.76630416		6.54682676		-3		-0.23405764		0.12721848		89.63865228		89.76630416		-0.12721848		0.11732821		1.41175043		0.06962406
89.64764000		89.65796554		6.57226285		-3		-0.21097256		0.01922062		89.63865228		89.65796554		-0.01922062		0.09472605		1.41113786		0.05621162
89.64764000		89.68340055		6.59769786		-2		-0.18015211		0.04434783		89.63865228		89.68340055		-0.04434783		0.09448202		1.42544743		0.05606681
90.04230000		90.07302705		6.65228369		-1		-0.11591889		0.42604638		89.64692721		90.07302705		-0.42604638		0.08372114		1.44283197		0.04968116
90.04230000		90.09737034		6.67662698		-1		-0.08652436		0.45040499		89.64692721		90.09737034		-0.45040499		0.07983465		1.44263955		0.04737486
89.89257000		89.90361054		6.69348448		-1		-0.09316518		0.25660805		89.64692721		89.90361054		-0.25660805		0.09075173		1.45398693		0.05385321
89.89257000		89.91864657		6.70852051		-1		-0.04201338		-0.08141675		90.00000154		89.91864657		0.08141675		0.09104966		1.45546011		0.05403000
90.27653000		89.93090770		6.72078164		0		-0.08984625		-0.06913425		90.00000154		89.93090770		0.06913425		0.07508870		1.45337304		0.04455856
90.27653000		89.94543302		6.73530696		0		-0.03220157		-0.05470382		90.00000154		89.94543302		0.05470382		0.07564703		1.45380764		0.04488988
90.01201000		90.01849620		6.75199055		0		-0.00673012		0.01843187		90.00000154		90.01849620		-0.01843187		0.07475997		1.45879090		0.04436348
90.01201000		90.01872709		6.75222144		0		0.01887508		0.01876626		90.00000154		90.01872709		-0.01876626		0.07456859		1.48745511		0.04424991
89.92046000		89.91753637		6.74347988		0		-0.02407275		-0.08245858		90.00000154		89.91753637		0.08245858		0.07507245		1.48644170		0.04454891
89.92046000		89.91813510		6.74407861		0		-0.01279631		-0.08186496		90.00000154		89.91813510		0.08186496		0.07580453		1.48638603		0.04498334
90.07119000		90.07545064		6.75070936		0		0.02957527		0.41054742		89.66483636		90.07545064		-0.41054742		0.07048836		1.51949269		0.04182865
90.07119000		90.07726248		6.75252121		0		0.05153488		0.41242837		89.66483636		90.07726248		-0.41242837		0.06683937		1.51906651		0.03966330
90.59377000		90.59406511		6.75218319		1		-0.04159089		0.92924590		89.66483636		90.59406511		-0.92924590		0.04466223		1.51884239		0.02650310
90.59377000		90.59043234		6.74855042		2		0.15443708		0.59043292		90.00000154		90.59043234		-0.59043292		0.03689976		1.55385504		0.02189676
89.87592000		89.88051149		6.75396481		3		0.18447692		-0.11952517		90.00000154		89.88051149		0.11952517		0.04548571		1.55150042		0.02699177
89.87592000		89.88735021		6.76080353		2		0.17295249		-0.11262083		90.00000154		89.88735021		0.11262083		0.04649194		1.55150042		0.02758888
90.21100000		90.20206907		6.73945270		2		0.09288097		0.20229764		90.00000154		90.20206907		-0.20229764		0.04431272		1.55202988		0.02629570
90.21100000		90.17430558		6.71168921		2		0.04317059		0.17443581		90.00000154		90.17430558		-0.17443581		0.04262858		1.58549042		0.02529631
90.27444000		90.26831586		6.69681435		2		0.03431582		0.26836688		90.00000154		90.26831586		-0.26836688		0.04357282		1.58442487		0.02585664
90.27444000		90.25019789		6.67869637		2		0.16379075		0.25034563		90.00000154		90.25019789		-0.25034563		0.04127510		1.58441502		0.02449314
89.90522000		89.89935099		6.66645066		2		0.11639329		-0.10057743		90.00000154		89.89935110		0.10057743		0.04540385		1.59374482		0.02694319
89.90522000		89.89231216		6.65941182		2		0.16336896		0.20918727		89.68320119		89.89231216		-0.20918727		0.04361175		1.60672615		0.02587974
90.15609000		90.15285106		6.65217772		3		0.18369632		0.46975060		89.68320119		90.15285106		-0.46975060		0.03668207		1.60631953		0.02176758
90.15609000		90.13966177		6.63898843		3		0.20881479		0.45647412		89.68320119		90.13966177		-0.45647412		0.03252224		1.60629598		0.01929908
89.63701000		89.62880899		6.61731927		3		0.22350639		-0.05431765		89.68320119		89.62880899		0.05431765		0.03133324		1.61073028		0.01859352
89.63701000		89.62054416		6.60905445		3		0.16359108		-0.07111119		89.69164904		89.62054416		0.07111119		0.03193679		1.65040332		0.01895167
90.38707000		90.38385108		6.60572507		3		0.23318774		0.69234328		89.69164904		90.38385108		-0.69234328		0.00540952		1.65003015		0.00321007
90.38707000		90.35907141		6.58094540		4		0.26977575		0.66749836		89.69164904		90.35907141		-0.66749836		-0.00043642		1.65002394		0.00025898
89.36079000		89.35299405		6.55865895		4		0.28426201		-0.34266825		89.69570623		89.35299405		0.34266825		0.01838982		1.67510249		0.01027081
89.36079000		89.33155396		6.53721885		4		0.24803672		-0.36401190		89.69570623		89.33155396		0.36401190		0.02031036		1.67217342		0.01205241
90.46353000		90.44495474		6.51066598		4		0.25594480		0.74931072		89.69570623		90.44495474		-0.74931072		0.00504335		1.67202834		0.00281674
90.46353000		90.41488688		6.48059812		4		0.27000402		0.71928085		89.69570623		90.41488688		-0.71928085		-0.00128787		1.67202394		0.00071928
90.23498000		90.22106586		6.45535843		4		0.25363082		0.22127861		90.00000154		90.22106586		-0.22127861		-0.00086055		1.70500172		0.00048062
90.23498000		90.19341733		6.42770990		3		0.09441948		0.19366000		90.00000154		90.19341733		-0.19366000		-0.00299163		1.70500274		0.00167084
89.48177000		89.46197863		6.39428130		3		0.20736067		-0.53770686		90.00000154		89.46197863		0.53770686		0.00262651		1.70500126		0.00146692
89.48177000		89.43361252		6.36591518		3		0.18584497		-0.56636584		90.00000154		89.43361252		0.56636584		0.00753162		1.70501167		0.00420645
90.03101000		90.02182034		6.34736053		2		0.17179129		0.02186665		90.00000154		90.02182034		-0.02186665		0.01482646		1.70537710		0.00879820
90.03101000		90.00846950		6.33400969		2		0.08673654		0.30498713		89.70350855		90.00846950		-0.30498713		0.01257213		1.71608840		0.00746045
89.43718000		89.43010075		6.32426528		2		0.16174405		-0.27340332		89.70350855		89.43010075		0.27340332		0.01089008		1.71604735		0.00646230
89.43718000		89.42305275		6.31721727		2		0.13716537		-0.28044424		89.70350855		89.42305275		0.28044424		0.01335859		1.71606365		0.00792715
90.03746000		89.42497276		6.31913729		1		0.11633199		-0.28596379		89.71092073		89.42497271		0.28596379		0.00327443		1.76010929		0.00205738
90.03746000		89.41119035		6.30535488		1		0.09681553		-0.29955645		89.71092073		89.41119035		0.29955645		0.00590103		1.76003498		0.00370773
90.14314000		90.12346687		6.27595415		1		0.09121015		0.41285619		89.71092073		90.12346687		-0.41285619		0.00453321		1.76002731		0.00284830
GNSS heading		dr_yaw_angle		yaw_rate_accum_tmp	steer_angle	str_moving_avg_result	stanley_steering_angle	path_angle		dr_yaw_angle		psi			tan_tmp			s			x_error
90.14314000		90.12111867		6.27360595		1		0.08815615		0.41005969		89.71092073		90.12111867		-0.41005969		-nan			1.76002075		-nan
89.26180000		89.25817590		6.27357841		1		0.05210041		-0.45274340		89.71092073		89.25817590		0.45274340		0.00717901		1.76003780		0.00451070
89.26180000		89.25235046		6.26775297		0		0.04636647		-0.45852061		89.71092073		89.25235046		0.45852061		0.01132535		1.76014265		0.00711592
89.86496000		89.86290238		6.25962875		0		0.04077741		-0.13706042		90.00000154		89.86290238		0.13706042		0.00064654		1.78200009		0.00040623
89.86496000		89.85344962		6.25017599		0		0.03732488		-0.14668458		90.00000154		89.85344962		0.14668458		0.00194439		1.78200100		0.00122169
90.42942000		90.44188167		6.28139094		0		0.00942659		0.72378344		89.71797136		90.44188149		-0.72378344		-0.00175119		1.80423591		0.00110031
90.42942000		90.45438171		6.29389098		0		0.02071927		0.73641353		89.71797136		90.45438171		-0.73641353		-0.00826182		1.80404737		0.00519105
89.45590000		89.46218126		6.29830754		0		0.02931067		-0.25585044		89.71797136		89.46218099		0.25585044		0.00958702		1.80404203		0.00602370
89.45590000		89.46606785		6.30219413		0		-0.02078748		-0.25183200		89.71797136		89.46606785		0.25183200		0.01252401		1.80405888		0.00743189
89.28280000		89.27467801		6.28679586		-1		-0.04003709		-0.16797591		89.44275017		89.27467801		0.16797591		0.01736422		1.82647309		0.01091026
89.28280000		89.27282333		6.28494119		-1		-0.08929161		-0.16997351		89.44275017		89.27282333		0.16997351		0.01893937		1.82619804		0.01189996
89.87355000		89.87651073		6.29296341		-1		-0.07063770		0.43376132		89.44275017		89.87651073		-0.43376132		-0.00049293		1.82608642		0.00030971
89.87355000		89.88212765		6.29858034		0		-0.02339344		0.43934120		89.44275017		89.88212765		-0.43934120		-0.00442138		1.82609166		0.00277804
89.76825000		89.77777802		6.31451230		0		0.01745569		-0.22226572		90.00000154		89.77777802		0.22226572		-0.01315243		1.86238238		0.00826392
89.76825000		89.79049647		6.32723075		0		-0.03531459		-0.20954321		90.00000154		89.79049647		0.20954321		-0.01190456		1.85904692		0.00706431
89.93938000		89.94414874		6.33820828		0		-0.03256059		-0.05590068		90.00000154		89.94414874		0.05590068		-0.01469605		1.85904097		0.00872081
89.93938000		89.96259388		6.35665342		0		-0.00250888		-0.03747792		90.00000154		89.96259388		0.03747792		-0.01315635		1.85904069		0.00826638
89.96392000		89.96679770		6.36522242		0		0.01009512		-0.03320791		90.00000154		89.96679770		0.03320791		-0.01393242		1.86105384		0.00875400
89.96392000		89.96983090		6.36825562		0		0.03785351		0.24193491		89.72792522		89.96983090		-0.24193491		-0.01602887		1.87011829		0.01007124
89.60247000		89.59904376		6.36475665		0		0.02997706		-0.12887013		89.72792522		89.59904376		0.12887013		-0.00438216		1.87002514		0.00275339
89.60247000		89.58316987		6.34888276		0		-0.00212146		-0.14473301		89.72792522		89.58316987		0.14473301		-0.00341067		1.87002348		0.00202393
88.88714000		88.88147354		6.33864826		0		-0.00757471		-0.84644180		89.72792522		88.88147354		0.84644180		0.00874105		1.87004747		0.00549216
88.88714000		88.87741845		6.33459317		0		-0.00528911		-0.85041782		89.72792522		88.87741845		0.85041782		0.01692155		1.87059954		0.01004145
90.13451000		90.13296367		6.32775804		0		0.04108090		0.13295331		90.00000154		90.13296367		-0.13295331		-0.00072631		1.89200011		0.00045635
90.13451000		90.13953780		6.33433217		0		0.04225143		0.13946255		90.00000154		90.13953780		-0.13946255		-0.00196370		1.89200074		0.00116528
89.95079000		89.96091151		6.34780846		-1		-0.08067460		-0.03910766		90.00000154		89.96091151		0.03910766		-0.01470804		1.89210711		0.00872793
89.95079000		89.97827026		6.36516721		-1		-0.04295876		0.24545838		89.73264325		89.97827026		-0.24545838		-0.01521064		1.90323804		0.00902617
88.92836000		88.93661775		6.37914697		-1		0.00825125		-0.79609741		89.73264325		88.93661775		0.79609741		0.01817164		1.90311300		0.01078327
88.92836000		88.94949150		6.39202073		-2		-0.12939515		-0.78318862		89.73264325		88.94949150		0.78318862		0.02510993		1.90314635		0.01490053
89.25888000		89.27051562		6.40682700		-2		-0.14998702		-0.46213699		89.73264325		89.27051562		0.46213699		0.00671459		1.90303611		0.00398452
89.25888000		89.28627955		6.42259093		-3		-0.07855805		-0.44650857		89.73264325		89.28627955		0.44650857		0.01067177		1.90383729		0.00633276
90.04774000		90.05992296		6.44016682		-3		0.01477364		0.05984847		90.00000154		90.05992296		-0.05984847		0.01200042		1.92503074		0.00712119
90.21809000		90.22808643		6.49223603		-3		-0.21908474		0.22802388		90.00000154		90.22808643		-0.22802388		-0.00045737		1.92500004		0.00027141
89.95390000		89.95554794		6.55413535		-3		-0.09213527		0.22119349		89.73417976		89.95554794		-0.22119349		-0.00192048		1.91402210		0.00113964
89.63118000		89.63184180		6.61428290		-2		-0.16232563		-0.10243503		89.73417976		89.63184180		0.10243503		-0.00867419		1.91403483		0.00514737
89.63118000		89.67057333		6.65301443		-2		-0.17327875		-0.06363293		89.73417976		89.67057333		0.06363293		-0.00747665		1.91404089		0.00443673
90.46206000		90.46541551		6.69290248		-2		-0.14506330		0.46533218		90.00000154		90.46541551		-0.46533218		-0.01471383		1.90304517		0.00924497
89.89331000		89.89350426		6.71852171		0		-0.05640593		0.16081776		89.73264324		89.89350426		-0.16081776		-0.01414924		1.90601493		0.00889023
90.28605000		89.94745050		6.77246795		0		-0.03635904		0.21483303		89.73264324		89.94745050		-0.21483303		-0.02258066		1.90313307		0.01418785
90.01522000		90.02163254		6.77080446		0		-0.00024739		0.29205997		89.72951628		90.02163246		-0.29205997		-0.03047157		1.88141219		0.01914585
90.06873000		90.06563301		6.76559860		1		0.02693202		0.33619977		89.72951628		90.06563301		-0.33619977		-0.03578018		1.88129015		0.02248135
90.06873000		90.04895275		6.74891835		2		0.15202692		0.31943216		89.72951628		90.04895275		-0.31943216		-0.03962318		1.88145793		0.02489598
90.38946000		90.39065112		6.75203495		3		0.10857890		0.65960604		89.73108885		90.39065112		-0.65960604		-0.06179043		1.89365520		0.03882408
90.56795000		90.54083558		6.70794621		4		0.05262990		0.80991662		89.73108885		90.54083558		-0.80991662		-0.08954197		1.89426320		0.05626092
89.76977000		89.71104173		6.64560817		4		0.25450028		-0.01491860		89.72631532		89.71104173		0.01491860		-0.08447644		1.86098712		0.05307815
90.02860000		89.97021153		6.57884616		4		0.12129842		0.24415128		89.72631532		89.97021153		-0.24415128		-0.08127054		1.86089452		0.05106382
89.83640000		89.79606447		6.52889378		5		0.33159312		0.34089280		89.45586119		89.79606447		-0.34089280		-0.08677558		1.87349618		0.05452275
89.49047000		89.47490510		6.46953414		5		0.08336817		0.01928327		89.45586119		89.47490510		-0.01928327		-0.09718414		1.87207614		0.06106266
89.49047000		89.40255424		6.39718328		5		0.31658107		-0.05318907		89.45586119		89.40255424		0.05318907		-0.09698015		1.87264549		0.06093448
89.84621000		89.80840840		6.34278234		5		0.31074043		0.08545877		89.72303770		89.80840840		-0.08545877		-0.11288653		1.84427218		0.07092879
89.14782000		89.13871891		6.23751452		6		0.23858051		-0.58401906		89.72303770		89.13871891		0.58401906		-0.11075631		1.85017196		0.06959033
89.14782000		89.07193638		6.17073198		5		0.34855242		0.17972512		88.89227560		89.07193638		-0.17972512		-0.11158642		1.84134469		0.07011190
89.42297000		89.32832782		6.06470101		6		0.19680859		0.43644594		88.89227560		89.32832782		-0.43644594		-0.12994178		1.84190070		0.08164497
90.23968000		90.17754616		5.98957184		6		0.08945539		0.73157930		89.44608680		90.17754616		-0.73157930		-0.16384964		1.84631697		0.10295004
89.71975000		89.65491820		5.91361700		5		0.04030876		0.20912290		89.44608680		89.65491820		-0.20912290		-0.16961494		1.84372665		0.10657252
89.44543000		89.38840294		5.83569237		5		0.19701923		0.22967415		89.15909244		89.38840294		-0.22967415		-0.16794754		1.82904231		0.10552485
88.71103000		88.67642211		5.77087665		5		0.33124530		-0.48230097		89.15909244		88.67642211		0.48230097		-0.15392116		1.82038694		0.09671175
88.84912000		88.82838268		5.70346042		4		0.29795340		-0.33034531		89.15909244		88.82838268		0.33034531		-0.17731371		1.84544316		0.11140985
88.84912000		88.77526636		5.65034409		3		0.21126579		-0.36816989		89.14352236		88.77526672		0.36816989		-0.18255354		1.79109055		0.10832981
88.72629000		88.68054493		5.59940866		2		0.16814963		-0.46285362		89.14352236		88.68054493		0.46285362		-0.17502118		1.78906551		0.10385998
89.12305000		89.11945314		5.58424081		2		0.12754126		-0.30602288		89.42544537		89.11945314		0.30602288		-0.18702203		1.78589503		0.11098150
89.46725000		89.45555876		5.57376256		0		0.03703837		0.03016630		89.42544537		89.45555876		-0.03016630		-0.19161199		1.77901045		0.11370526
88.07352000		88.05902864		5.55447928		-1		-0.07179892		-1.34806585		89.40703143		88.05902864		1.34806585		-0.15847357		1.72622773		0.09404035
88.69560000		88.69843547		5.56130811		-3		-0.19077020		-0.70861286		89.40703143		88.69843547		0.70861286		-0.16882394		1.72228490		0.10018243
88.44573000		88.46085009		5.57775911		-5		-0.31912176		-0.94262652		89.40320607		88.46085009		0.94262652		-0.15573864		1.72704145		0.09241740
89.28519000		89.28694464		5.63676894		-7		0.00765662		-0.11643531		89.40320607		89.28694464		0.11643531		-0.15819324		1.71127755		0.09387400
89.28519000		89.34609523		5.69591953		-7		-0.13578109		-0.05747841		89.40320607		89.34609523		0.05747841		-0.15708908		1.71021176		0.09321877
89.10195000		89.23103035		5.84729517		-8		-0.48016465		-0.15817815		89.38739810		89.23103035		0.15817815		-0.15950536		1.66794023		0.09465263
89.22002000		89.30134904		5.93534087		-7		-0.45096727		-0.08616606		89.38739810		89.30134904		0.08616606		-0.16221411		1.66854812		0.09626005
89.99230000		89.99907929		6.10749674		-7		-0.26495948		0.61536300		89.38331440		89.99907929		-0.61536300		-0.18110875		1.65713812		0.10747245
89.99230000		90.09832623		6.20674368		-5		-0.32359261		0.71477008		89.38331440		90.09832623		-0.71477008		-0.19204812		1.66871388		0.11396407
89.72685000		89.73011956		6.31533523		-5		0.00054599		0.36350661		89.36642024		89.73011956		-0.36350661		-0.19803578		1.61518065		0.11751727
89.72685000		89.78120958		6.36642525		-5		-0.00145005		0.41461746		89.36642024		89.78120958		-0.41461746		-0.20276996		1.62582289		0.12032662
89.56052000		89.61331751		6.44312844		-3		-0.23177748		-0.06576581		89.67880128		89.61331751		0.06576581		-0.21116337		1.59519184		0.12530743
89.74987000		89.78332862		6.54436412		-1		-0.09727433		0.10897451		89.67427743		89.78332862		-0.10897451		-0.22155277		1.61085910		0.13147272
90.39598000		90.42713754		6.58152616		1		-0.00201337		0.75284089		89.67427743		90.42713754		-0.75284089		-0.24022954		1.57565768		0.14255591
90.56153000		90.55975514		6.56682029		2		0.13434539		0.89013666		89.66962433		90.55975514		-0.89013666		-0.25006697		1.55421440		0.14839367
89.92349000		89.92189790		6.54519001		3		0.01229302		0.59718387		89.32480185		89.92189790		-0.59718387		-0.25416486		1.59110531		0.15082545
89.92349000		89.91804690		6.54133901		4		0.27409546		0.59325077		89.32480185		89.91804690		-0.59325077		-0.26167842		1.52648167		0.15528418
89.89782000		89.86724145		6.50920671		5		0.07182883		0.54271306		89.32480185		89.86724145		-0.54271306		-0.27630937		1.53106569		0.16396655
89.40578000		89.39111338		6.44276759		5		0.31053771		-0.26619524		89.65738842		89.39111338		0.26619524		-0.28558929		1.51108915		0.16947350
89.40578000		89.33633255		6.38798677		4		0.28413672		-0.32102878		89.65738842		89.33633255		0.32102878		-0.28182878		1.50367014		0.16724191
89.69255000		89.66135631		6.28586866		5		0.27724550		0.01194842		89.64960195		89.66135631		-0.01194842		-0.30220431		1.47421604		0.17933331
89.46610000		89.41081064		6.21052761		5		0.34269863		0.12793746		89.28293322		89.41081064		-0.12793746		-0.29953021		1.44684550		0.17774642
89.61331000		89.57164199		6.15382857		5		0.27271398		0.28903372		89.28293322		89.57164199		-0.28903372		-0.31865862		1.45216646		0.18909778
89.33184000		89.30472752		6.07998160		4		0.00614834		-0.32797960		89.63291670		89.30472752		0.32797960		-0.31530503		1.41532056		0.18710766
89.98283000		89.97221608		6.01990668		4		0.26564995		0.33933973		89.63291670		89.97221608		-0.33933973		-0.32721008		1.43617144		0.19417248
89.98283000		89.92839597		5.97608658		4		0.16130272		0.30148232		89.62699617		89.92839597		-0.30148232		-0.33139796		1.40524686		0.19665770
89.37022000		89.34821488		5.94897417		3		0.19630503		-0.27871878		89.62699617		89.34821488		0.27871878		-0.31824594		1.39265610		0.18885288
88.91248000		88.89491853		5.91507497		2		0.06189626		-0.33409837		89.22915936		88.89491853		0.33409837		-0.31474729		1.35705536		0.18677668
89.18656000		89.18646958		5.88446340		1		0.06017243		-0.04262216		89.22915936		89.18646958		0.04262216		-0.32120094		1.35344637		0.19060647
88.88584000		88.88583375		5.87260164		0		0.05979932		-0.04148174		89.21609585		88.88583375		0.04148174		-0.32037220		1.33643332		0.19011467
88.88584000		88.89289756		5.87966545		0		0.01529567		-0.32323118		89.21609585		88.89289756		0.32323118		-0.32162017		1.33182248		0.19085525
89.31139000		89.31793903		5.90700828		-1		-0.07668890		-0.27640539		89.59427743		89.31793903		0.27640539		-0.32448781		1.30031035		0.19255700
89.13989000		89.14027308		5.92320003		-1		-0.04028164		-0.44317856		89.58331232		89.14027308		0.44317856		-0.32065627		1.25044538		0.19028325
89.13989000		89.16954717		5.95247412		-2		-0.03046222		-0.41413218		89.58331232		89.16954717		0.41413218		-0.31540953		1.25913362		0.18716967
89.07786000		89.08776124		5.97121107		-3		-0.18893284		-0.48402470		89.57173802		89.08776124		0.48402470		-0.31328336		1.21955691		0.18590794
89.20849000		89.21297649		6.00044106		-3		-0.22281951		-0.35883497		89.57173802		89.21297649		0.35883497		-0.31173740		1.25034923		0.18499052
89.20849000		89.24727167		6.03473625		-3		-0.22841146		-0.30368578		89.55094936		89.24727167		0.30368578		-0.30752179		1.16639235		0.18248885
89.19598000		89.22398050		6.07350919		-4		-0.17145422		-0.32714134		89.55094936		89.22398050		0.32714134		-0.30525308		1.18887630		0.18114253
89.79586000		89.82080692		6.12274465		-4		-0.22572732		0.28769670		89.53280662		89.82080692		-0.28769670		-0.32165000		1.12211180		0.19087295
89.30590000		89.33039595		6.19334445		-3		-0.23433621		-0.18278244		89.51313619		89.33039595		0.18278244		-0.31573141		1.08079685		0.18736068
88.81724000		88.81823301		6.24875455		-3		-0.22630158		-0.66221222		89.48031555		88.81823254		0.66221222		-0.31377839		1.08994845		0.18620170
88.81724000		88.86400286		6.29452486		-4		-0.27369339		-0.61637973		89.48031555		88.86400286		0.61637973		-0.30535616		1.01187877		0.18120371
89.48481000		89.50614437		6.32736445		-4		-0.07350398		0.05660760		89.44938375		89.50614437		-0.05660760		-0.32724992		0.98718005		0.19419612
89.85592000		89.86610195		6.37535177		-4		-0.25222230		0.41636861		89.44938375		89.86610195		-0.41636861		-0.32654689		0.98417129		0.19377892
89.85592000		89.93335425		6.44260407		-3		-0.18576859		0.51870875		89.41453683		89.93335425		-0.51870875		-0.33312213		0.91412334		0.19768087
89.43553000		89.47299125		6.49003469		-2		-0.15437222		0.09797024		89.37498144		89.47299125		-0.09797024		-0.34058111		0.88322999		0.20210728
89.33507000		89.51650777		6.53355121		-2		-0.12336353		-0.48353987		90.00000154		89.51650777		0.48353987		-0.34555131		0.83381349		0.20505676
89.46332000		89.47342459		6.55990371		-2		-0.12537934		-0.52658890		90.00000154		89.47342459		0.52658890		-0.34179054		0.80584102		0.20282499
89.60909000		89.63655999		6.61340693		-1		-0.08529728		0.40734701		89.22915935		89.63655999		-0.40734701		-0.33127457		0.71550577		0.19658448
89.51943000		89.53828818		6.63258730		-1		-0.10233252		-0.46186331		90.00000154		89.53828818		0.46186331		-0.33848079		0.68733523		0.20086087
89.45244000		89.46221955		6.64522267		-2		-0.02073394		-0.53785656		90.00000154		89.46221955		0.53785656		-0.34005413		0.60995988		0.20179455
90.08181000		90.09702850		6.67397790		-2		-0.06770167		1.28273114		88.81418827		90.09702850		-1.28273114		-0.34575407		0.54671182		0.20517708
89.24262000		90.13745646		6.71440585		0		-0.05335618		0.13730897		90.00000154		90.13745607		-0.13730897		-0.34474261		0.46960742		0.20457685
89.24262000		90.16521513		6.74216453		0		-0.01589429		0.16521404		90.00000154		90.16521513		-0.16521404		-0.34686658		0.42467753		0.20583729
89.95902000		89.95723238		6.73358955		0		-0.05909394		-0.04275190		90.00000154		89.95723238		0.04275190		-0.35883581		0.24244402		0.21294023
89.88320000		90.22079320		7.22218019		-500		-35.53830132		-167.76532875		-102.01397990		90.22079320		167.76532875		0.98613057		156.95766016		0.55081359
90.68447000		91.19759827		8.19973809		-500		-0.02365893		-166.79203231		-102.01397990		91.19759827		166.79203231		1.48208414		157.76258013		0.72444452
92.23948000		92.97993530		9.58466316		-500		-0.07865660		-165.00933749		-102.01397990		92.97993530		165.00933749		1.98334857		158.48350910		0.90037467
95.55024000		95.62043894		11.55932399		-500		-0.01873398		-162.38969076		-102.01397990		95.62043894		162.38969076		2.92335020		159.33711212		1.12346093
95.55024000		96.65146592		12.59035097		-500		-105.63232602		-161.34287242		-102.01397990		96.65146592		161.34287242		3.75498644		159.51877010		1.18135558
97.79722000		98.52498402		13.55734841		-500		0.06511384		-159.46414070		-102.01397990		98.52498402		159.46414070		4.55503525		159.81634080		1.27469240
99.98830000		100.35668941		14.43327230		-500		-11.59180598		-157.63272666		-102.01397990		100.35668941		157.63272666		4.78040537		160.03036172		1.33804724
99.98830000		101.10074548		15.17732836		-500		-140.07538344		-156.88999667		-102.01397990		101.10074548		156.88999667		5.60346356		160.11861626		1.37356643
103.68400000		103.89482605		16.32110839		-500		-92.25371051		-154.09278361		-102.01397990		103.89482605		154.09278361		6.96381131		160.36009856		1.46572169
105.49593000		105.51634503		16.51719361		-500		-161.65781562		-152.46975481		-102.01397990		105.51634503		152.46975481		7.05939308		160.42555734		1.48604311
105.49593000		105.48459760		16.48544618		-500		-160.50193181		-152.50138419		-102.01397990		105.48459760		152.50138419		8.49022965		160.43917936		1.49276670
103.52739000		103.59025310		16.54707336		-500		-159.41539530		-154.39581152		-102.01397990		103.59025310		154.39581152		8.44308258		160.42836843		1.48435565
103.52739000		103.50193726		16.53419986		-500		-141.52302586		-154.48400043		-102.01397990		103.50193726		154.48400043		8.44308258		160.42836843		1.48435565
103.52739000		103.53455939		16.56249442		-500		-157.41691452		-154.45145325		-102.01397990		103.53455939		154.45145325		8.44308258		160.42836843		1.48435565
103.52739000		103.51113380		16.53906883		-500		-156.65715088		-154.47485474		-102.01397990		103.51113380		154.47485474		8.44308258		160.42836843		1.48435565
103.52739000		103.54775319		16.55884719		-500		-152.88997971		-154.43820917		-102.01397990		103.54775319		154.43820917		8.44308258		160.42836843		1.48435565
103.52739000		103.52790073		16.55804020		-500		-55.79303880		-154.45812910		-102.01397990		103.52790071		154.45812910		8.44308258		160.42836843		1.48435565
103.52739000		103.52761398		16.55103470		-500		-37.66942741		-154.45844845		-102.01397990		103.52761398		154.45844845		8.44308258		160.42836843		1.48435565
103.52739000		103.52731766		16.55073839		-500		-154.22837602		-154.45867454		-102.01397990		103.52731766		154.45867454		8.44308258		160.42836843		1.48435565
103.52739000		103.53612067		16.55854904		-500		-103.71081332		-154.44993035		-102.01397990		103.53612067		154.44993035		8.44308258		160.42836843		1.48435565
103.52739000		103.52760093		16.56274755		-500		-40.56079776		-154.45840795		-102.01397990		103.52760093		154.45840795		8.44308258		160.42836843		1.48435565
103.52739000		103.52421681		16.55936343		-500		-154.45551604		-154.46180380		-102.01397990		103.52421681		154.46180380		8.44308258		160.42836843		1.48435565
