GNSS heading		dr_yaw_angle		yaw_rate_accum_tmp	steer_angle	str_moving_avg_result		stanley_steering_angle		psi		atan_tmp		s		x_error
261.74992000		261.74994867		0.00002867		500		179.53695645		179.53695725		-171.74994685		-7.78701040		13.00842076		1.36752000
261.74992000		261.75024368		0.00007822		500		179.58719146		179.58719122		-171.75024215		-7.83694907		13.00936167		1.37640000
261.74992000		261.75084631		0.00068085		500		179.58779411		179.58779385		-171.75084478		-7.83694907		13.00936167		1.37640000
261.74992000		261.74228862		-0.00745284		500		179.57924483		179.57923858		-171.74228952		-7.83694907		13.00936167		1.37640000
261.74992000		261.73594593		-0.01379552		500		179.57291176		179.57289983		-171.73594440		7.83694907		13.00936167		1.37640000
261.74992000		261.74244647		-0.02508795		500		179.57956287		179.57943390		-171.74248484		-7.83694907		13.00936167		1.37640000
261.74992000		261.72855382		-0.03898060		500		179.56552234		179.56550684		-171.72855778		-7.83694907		13.00936167		1.37640000
261.74992000		261.74216828		-0.05155732		500		179.57913073		179.57911789		-171.74216882		-7.83694907		13.00936167		1.37640000
261.74992000		261.72806743		-0.06565816		500		179.56503891		179.56502186		-171.72807280		-7.83694907		13.00936167		1.37640000
261.74992000		261.73912004		-0.08285136		500		179.57608517		179.57606970		-171.73912064		-7.83694907		13.00936167		1.37640000
261.74992000		261.72561423		-0.09635717		500		179.56268597		179.56256908		-171.72562002		-7.83694907		13.00936167		1.37640000
261.74992000		261.73777200		-0.11133654		500		179.57474588		179.57472646		-171.73777740		-7.83694907		13.00936167		1.37640000
261.74992000		261.72208144		-0.12702710		500		179.55905553		179.55903532		-171.72208625		-7.83694907		13.00936167		1.37640000
261.74992000		261.73886143		-0.14083275		500		179.57582712		179.57581492		-171.73886586		-7.83694907		13.00936167		1.37640000
261.74992000		261.72402613		-0.15566806		500		179.56098856		179.56097827		-171.72402920		-7.83694907		13.00936167		1.37640000
261.74992000		261.73760257		-0.17248948		500		179.57476048		179.57473857		-171.73778951		-7.83694907		13.00936167		1.37640000
261.74992000		261.72109504		-0.18899701		500		179.55806051		179.55804344		-171.72109437		-7.83694907		13.00936167		1.37640000
261.74992000		261.73631251		-0.20768580		500		179.57329381		179.57327519		-171.73631116		7.83694907		13.00936167		1.37640000
261.74992000		261.72118891		-0.22280940		500		179.55817119		179.55815001		-171.72118738		7.83694907		13.00936167		1.37640000
261.74992000		261.70301348		-0.24098483		500		179.53999093		179.53996634		-171.70301728		-7.83694907		13.00936167		1.37640000
261.74992000		261.68340217		-0.26059614		500		179.52060464		179.52058656		-171.68363749		-7.83694907		13.00936167		1.37640000
261.74992000		261.73450718		-0.27920473		500		179.57148195		179.57145917		-171.73451011		-7.83694907		13.00936167		1.37640000
261.74992000		261.70937402		-0.30433789		500		179.54634853		179.54632458		-171.70937551		-7.83694907		13.00936167		1.37640000
261.74992000		261.74999656		-0.30665976		500		179.58693118		179.58694107		-171.74999200		-7.83694907		13.00936167		1.37640000
261.74992000		261.75981805		-0.29683826		500		179.59676932		179.59676604		-171.75981697		-7.83694907		13.00936167		1.37640000
261.74992000		261.73889576		-0.30928360		500		179.57599473		179.57585098		-171.73890191		-7.83694907		13.00936167		1.37640000
261.74992000		261.74169485		-0.30648452		500		179.57863095		179.57864028		-171.74169121		-7.83694907		13.00936167		1.37640000
261.74992000		261.74870354		-0.30476185		500		179.58565944		179.58565385		-171.74870479		-7.83694907		13.00936167		1.37640000
261.74992000		261.74433393		-0.30913146		500		179.58128047		179.58128127		-171.74433221		-7.83694907		13.00936167		1.37640000
261.74992000		261.75464444		-0.30400271		500		179.59158914		179.59159103		-171.75464196		-7.83694907		13.00936167		1.37640000
261.74992000		261.75157280		-0.30707435		500		179.58859863		179.58852364		-171.75157458		-7.83694907		13.00936167		1.37640000
261.74992000		261.74979332		-0.30772414		500		179.58673825		179.58673999		-171.74979093		-7.83694907		13.00936167		1.37640000
261.74992000		261.75140654		-0.30611092		500		179.58836266		179.58835494		-171.75140588		-7.83694907		13.00936167		1.37640000
261.74992000		261.74759385		-0.30916149		500		179.58454688		179.58454175		-171.74759268		-7.83694907		13.00936167		1.37640000
261.74992000		261.74893829		-0.30781706		500		179.58587894		179.58588359		-171.74893452		-7.83694907		13.00936167		1.37640000
261.74992000		261.75007455		-0.30716468		500		179.58707578		179.58707169		-171.75012262		-7.83694907		13.00936167		1.37640000
261.74992000		261.74850754		-0.30873169		500		179.58545416		179.58545494		-171.74850587		-7.83694907		13.00936167		1.37640000
261.74992000		261.75111528		-0.30765949		500		179.58805826		179.58806210		-171.75111303		-7.83694907		13.00936167		1.37640000
261.74992000		261.75100448		-0.30777029		500		179.58795361		179.58795238		-171.75100331		-7.83694907		13.00936167		1.37640000
261.74992000		261.74727076		-0.31056109		500		179.58421556		179.58421735		-171.74726828		-7.83694907		13.00936167		1.37640000
261.74992000		261.74856992		-0.30926192		500		179.58550817		179.58550897		-171.74855990		-7.83694907		13.00936167		1.37640000
261.74992000		261.74936390		-0.30968168		500		179.58631620		179.58631194		-171.74936288		-7.83694907		13.00936167		1.37640000
261.74992000		261.74763518		-0.31141040		500		179.58457768		179.58458262		-171.74763355		-7.83694907		13.00936167		1.37640000
261.74992000		261.75082349		-0.30987487		500		179.58777244		179.58777114		-171.75082208		-7.83694907		13.00936167		1.37640000
261.74992000		261.74877631		-0.31192205		500		179.58572936		179.58572507		-171.74877600		-7.83694907		13.00936167		1.37640000
261.74992000		261.75106294		-0.31242708		500		179.58799205		179.58800995		-171.75106088		-7.83694907		13.00936167		1.37640000
261.74992000		261.75276270		-0.31072731		500		179.58971297		179.58971057		-171.75276151		-7.83694907		13.00936167		1.37640000
261.74992000		261.75074088		-0.31015961		500		179.58768508		179.58768791		-171.75073885		-7.83694907		13.00936167		1.37640000
261.74992000		261.75104693		-0.30985356		500		179.58799792		179.58799459		-171.75104552		-7.83694907		13.00936167		1.37640000
261.74992000		261.75074171		-0.30933115		500		179.53774338		179.53774416		-171.75073376		-7.78701040		13.00842076		1.36752000
261.74992000		261.75380265		-0.30627021		500		179.54072382		179.54075752		-171.75374712		-7.78701040		13.00842076		1.36752000
261.74992000		261.74913010		-0.30666738		500		179.53614506		179.53614092		-171.74913052		-7.78701040		13.00842076		1.36752000
261.74992000		261.74727802		-0.30851947		500		179.53428914		179.53428690		-171.74727650		-7.78701040		13.00842076		1.36752000
261.74992000		261.75011659		-0.30836079		500		179.58706442		179.58706415		-171.75011508		-7.83694907		13.00936167		1.37640000
261.74992000		261.74859456		-0.30988281		500		179.58553828		179.58554119		-171.74859212		-7.83694907		13.00936167		1.37640000
261.74992000		261.74958022		-0.30997678		500		179.58656211		179.58652792		-171.74957885		-7.83694907		13.00936167		1.37640000
261.74992000		261.73490596		-0.32465104		500		179.57189126		179.57186435		-171.73491528		-7.83694907		13.00936167		1.37640000
261.74992000		261.71109803		-0.36811552		500		179.54815091		179.54807190		-171.71112284		-7.83694907		13.00936167		1.37640000
261.74992000		261.60701891		-0.47219465		500		179.44430313		179.44413736		-171.60718830		-7.83694907		13.00936167		1.37640000
261.74992000		261.57211830		-0.68759816		500		179.35952935		179.35922292		-171.57221252		-7.78701040		13.00842076		1.36752000
261.74992000		261.22875492		-1.03096153		500		179.01893760		179.01847656		-171.23146616		-7.78701040		13.00842076		1.36752000
71.58685000		71.14425350		-1.50063129		-184		-11.06810017		-11.06868452		18.85569491		-7.78701040		13.00842076		1.36752000
71.58685000		70.52900053		-2.11588426		-216		-13.00116414		-13.00197765		19.47048402		-6.46850637		12.98776827		1.36054606
73.54247000		69.79663192		-2.84825287		-230		-13.82162319		-13.82256555		20.20313950		-6.38057395		12.87468371		1.34189603
73.54247000		68.99077641		-3.65410838		-259		-15.59259011		-15.59415768		21.00887247		-5.41471479		12.83388195		1.32701733
75.15085000		74.41014868		-4.50319094		-169		-10.19005362		-10.20124434		15.58959278		-5.38834844		12.72083955		1.32051722
75.15085000		73.50420296		-5.40913666		-197		-11.82803566		-11.82913728		16.49534756		-4.66621028		12.66894365		1.30594024
70.11024000		69.24014582		-6.31669498		-269		-16.18365646		-16.18545691		20.75892205		-4.57346514		12.51597271		1.27987179
70.11024000		68.34410397		-7.21273683		-286		-17.17814069		-17.17952459		21.65570092		-4.47617633		12.44309896		1.25253348
71.82994000		71.15325169		-8.10246863		-241		-14.46764220		-14.46876074		18.84668157		-4.37792083		12.31579885		1.22493090
71.82994000		70.27265008		-8.98307025		-257		-15.42403978		-15.42511046		19.71488168		-4.28977122		12.24292874		1.20017350
70.98399000		70.18944668		-9.83293524		-268		-16.11003837		-16.11106898		19.81045462		-3.69938564		12.04965895		1.16381395
70.98399000		69.37824458		-10.64413734		-283		-17.03183472		-17.03287497		20.62155588		-3.58868091		11.95193254		1.12889396
70.65865000		69.90499804		-11.41665563		-277		-16.64169051		-16.64269915		20.09466309		-3.45196394		11.78305908		1.08578049
70.65865000		69.16633439		-12.15531928		-291		-17.49193889		-17.49359897		20.83343367		-3.33983470		11.68551269		1.05043000
64.25669000		63.59795392		-12.83625108		-386		-23.18748096		-23.19791367		26.39451568		-3.19660201		11.50726393		1.00528538
64.25669000		62.97594792		-13.45825708		-399		-23.97193492		-23.97281227		27.02402055		-3.05120828		11.41261694		0.95947251
63.07173000		62.60195134		-14.02213279		-407		-24.46790658		-24.46728475		27.39798559		-2.93070084		11.21577949		0.92151062
63.07173000		62.10904501		-14.51503912		-418		-25.10979856		-25.10756868		27.89095151		-2.78338283		11.12360327		0.87511400
65.33016000		64.96939281		-14.92997919		-372		-22.37946877		-22.38007820		25.03048569		-2.65040748		10.90818529		0.83324447
63.96793000		63.94100508		-15.29050477		-393		-23.58040126		-23.58094543		26.05667484		-2.47572941		10.69201276		0.77825773
63.96793000		63.63586318		-15.59564293		-400		-24.02890631		-24.02935400		26.36404621		-2.33469221		10.59893046		0.73387140
63.96793000		63.39531313		-15.83619297		-406		-24.41127635		-24.41166463		26.60459910		-2.19293447		10.50660921		0.68926727
64.82382000		64.66056143		-16.00885935		-387		-23.26539702		-23.26571430		25.33940397		-2.07368967		10.30710438		0.65175342
64.82382000		64.53319705		-16.13622373		-392		-23.52857765		-23.52973918		25.46678675		-1.93704758		10.21413118		0.60877339
63.73223000		64.45853069		-16.21089008		-395		-23.75551777		-23.75677189		25.54143833		-1.78466644		10.01273013		0.56085088
63.73223000		64.45873300		-16.21068778		-398		-23.89405874		-23.89418298		25.54128441		-1.64710144		9.92001177		0.51759476
61.97179000		64.51077669		-16.15864408		-399		-23.97362599		-23.97369995		25.48922963		-1.51552968		9.75339662		0.47622875
61.97179000		64.61181834		-16.05760243		-400		-24.00993965		-24.00994333		25.38819945		-1.37825612		9.66076277		0.43307546
63.92995000		64.07110688		-15.90633431		-408		-24.51207279		-24.51200605		25.92897926		-1.41697322		9.48665953		0.39577425
63.92995000		64.26546838		-15.71197280		-407		-24.43530873		-24.43519871		25.73453795		-1.29933924		9.41750152		0.36290617
61.29047000		64.50366088		-15.47378031		-406		-24.36197451		-24.36418743		25.49638992		-1.13220248		9.23763426		0.31621173
61.29047000		64.78349792		-15.19394326		-403		-24.19986833		-24.19968992		25.21655589		-1.01686597		9.16863393		0.28399236
68.75952000		69.06506928		-14.87568018		-333		-20.01072245		-20.01045554		20.93501891		-0.92456337		9.09766353		0.25820921
68.75952000		69.42067745		-14.52007200		-329		-19.75056302		-19.75025463		20.57944465		-0.82919001		9.02668974		0.23156970
66.96962000		67.36030068		-14.11975426		-365		-21.95215862		-21.94809113		22.63989479		-0.69180366		8.76675613		0.19319741
66.96962000		67.79804253		-13.68201241		-360		-21.61391141		-21.61350169		22.20205415		-0.58855246		8.69629610		0.16436063
65.89975000		66.35186013		-13.21691285		-386		-23.18225351		-23.18187390		23.64819428		-0.46632037		8.54709095		0.13022409
68.51198000		68.52369272		-12.71833149		-351		-21.09792732		-21.09743671		21.47689875		-0.37946204		8.47760017		0.10596734
68.51198000		69.05310092		-12.18892329		-344		-20.66233341		-20.66577982		20.94712067		-0.28134086		8.40670885		0.07856582
72.04973000		69.60910058		-11.63292362		-336		-20.16912960		-20.15151582		20.39822395		-0.24670813		8.34455832		0.06028254
72.04973000		70.19225001		-11.04977419		-327		-19.62574075		-19.62514778		19.80789513		-0.18274735		8.14729503		0.04465375
68.79350000		68.81908088		-10.43565886		-351		-21.07377988		-21.07315323		21.18718790		-0.11403467		8.00660269		0.02786396
68.79350000		69.44727830		-9.80746144		-341		-20.51341523		-20.51279543		20.55285978		-0.04006436		7.95915151		0.00978957
68.79350000		70.03625339		-9.21848635		-333		-20.00942027		-19.99517534		19.96408767		0.03108767		7.91203357		0.00759615
75.04900000		75.57309212		-8.64450929		-242		-14.54790133		-14.54724301		14.42712483		0.12011818		7.86370422		0.02935045
76.01348000		76.03083040		-8.04079148		-236		-14.18954352		-14.18891274		13.96944991		0.21946283		7.65480277		0.05362515
76.01348000		76.59668521		-7.47493668		-227		-13.67259844		-13.67207424		13.40348242		0.26859182		7.60557678		0.06562984
76.01348000		77.08552329		-6.98609859		-220		-13.23065845		-13.23017639		12.91463417		0.31554222		7.55660257		0.07710229
77.29797000		77.71484976		-6.51689183		-210		-12.61605944		-12.61559815		12.28523827		0.33035989		7.43674064		0.08072304
79.09186000		79.13542734		-6.06539342		-187		-11.26904404		-11.26860797		10.86457419		0.40379647		7.31050350		0.09866772
79.09186000		79.51960645		-5.68121431		-182		-10.92284135		-10.92249431		10.48043476		0.44205955		7.26103689		0.10801767
78.09460000		78.12826650		-5.32906149		-205		-12.35149769		-12.35114547		11.87180078		0.47934469		7.14624508		0.11712873
78.09460000		78.47251890		-4.98480908		-200		-12.04937661		-12.04906302		11.52763432		0.52142870		7.09675855		0.12741258
74.53910000		74.54833882		-4.69618134		-267		-16.03654728		-16.04115441		15.45180660		0.58934781		6.99585595		0.14400991
74.53910000		74.83473291		-4.40978724		-263		-15.80395089		-15.80365606		15.16621712		0.63743894		6.94780830		0.15576214
77.93796000		77.94088021		-4.08449289		-211		-12.71406957		-12.71374193		12.05925228		0.65448965		6.83247272		0.15992894
77.93796000		78.26717826		-3.75819483		-207		-12.43014750		-12.42978958		11.73300565		0.69678393		6.78367674		0.17026482
77.93796000		78.61016805		-3.41520504		-202		-12.12944578		-12.12818997		11.38983348		0.73816220		6.73453172		0.18037703
76.70679000		77.01651408		-3.08155681		-229		-13.75450731		-13.75422564		12.98365532		0.77057032		6.63385600		0.18829720
78.34305000		78.40470933		-2.79385703		-206		-12.40724489		-12.40698358		11.59903329		0.80795029		6.51594836		0.19743258
78.34305000		78.71690726		-2.48165910		-202		-12.13284692		-12.13251643		11.28324617		0.84927026		6.46641320		0.20753107
83.11403000		83.15279851		-2.13733699		-128		-7.72271083		-7.72238617		6.84737570		0.87501046		6.37779045		0.21382201
83.11403000		83.45074848		-1.83938702		-124		-7.44870391		-7.44844277		6.54938023		0.89906254		6.32792761		0.21970045
82.23885000		82.26086455		-1.58141529		-144		-8.65023282		-8.64998412		7.73916025		0.91082387		6.22579438		0.22257500
82.23885000		82.51923289		-1.32304695		-140		-8.41976706		-8.41890473		7.48083314		0.93807159		6.17622275		0.22923461
81.14876000		81.16123551		-1.10413889		-163		-9.80389339		-9.80370416		8.83881565		0.96488852		6.08438486		0.23578903
81.14876000		81.34110731		-0.92426709		-160		-9.65522529		-9.65505513		8.65889812		0.99615701		6.03509110		0.24343160
81.36991000		81.37083300		-0.73625020		-161		-9.68338267		-9.68319153		8.62927468		1.05391684		5.95643405		0.25754951
81.36991000		81.59075311		-0.51633008		-158		-9.49384061		-9.49363284		8.40925334		1.08437950		5.90711554		0.26499553
83.61594000		83.64525305		-0.30578168		-124		-7.44845784		-7.44825271		6.35485861		1.09339410		5.79607022		0.26719901
83.61594000		83.85201965		-0.09901508		-121		-7.26424640		-7.26403351		6.14807731		1.11595619		5.74605129		0.27271402
79.79413000		79.81204519		0.10884911		-188		-11.31831997		-11.31982572		10.18796714		1.13185859		5.66730818		0.27660120
79.79413000		79.98066610		0.27747002		-189		-11.37512156		-11.37498386		10.01936836		1.35561550		5.62352832		0.28397243
78.04538000		78.06156604		0.41577688		-222		-13.34017022		-13.34002694		11.93852087		1.40150607		5.52729400		0.29358930
78.04538000		78.24611365		0.60032449		-219		-13.18066472		-13.18126300		11.75402055		1.42724245		5.50296728		0.29898280
84.96085000		78.45489668		0.80910752		-216		-12.98738768		-12.98720272		11.54512925		1.44207346		5.39772065		0.30209095
84.96085000		78.65215326		1.00636410		-213		-12.81506739		-12.81485944		11.34898438		1.46587506		5.37341131		0.30707915
84.96085000		78.87124304		1.22545388		-210		-12.61854611		-12.61829340		11.12878497		1.48950843		5.34882540		0.31203221
82.35274000		82.59891238		1.47460734		-147		-8.85825566		-8.85798301		7.40119266		1.45679034		5.25333543		0.30517522
83.88291000		83.92250797		1.71538968		-126		-7.56367518		-7.56344283		6.07751744		1.48592539		5.14203896		0.31128127
83.88291000		84.12613731		1.91901902		-122		-7.37300601		-7.37334356		5.87394603		1.49939753		5.11703333		0.31410479
85.37539000		85.40343131		2.11038094		-102		-6.12423706		-6.12404419		4.59660314		1.52744105		5.03355788		0.31998231
85.37539000		85.57960169		2.28655132		-99		-5.95770438		-5.95736935		4.42047492		1.53689444		5.00860011		0.32196364
86.33002000		86.34271044		2.43115837		-87		-5.22671385		-5.22720094		3.65729535		1.56990560		4.92564556		0.32888256
86.33002000		86.46118969		2.54963763		-85		-5.11611768		-5.11555291		3.53883869		1.57671422		4.90049275		0.33030963
82.27099000		82.27188669		2.65454753		-154		-9.29689876		-9.29666320		7.72815327		1.56850993		4.81814126		0.32859003
82.27099000		82.35904642		2.74170726		-153		-9.22567823		-9.22561128		7.64095838		1.58465289		4.79335485		0.33197357
86.21748000		82.44179624		2.82445708		-152		-9.17234085		-9.17213037		7.55820829		1.61392208		4.70429516		0.33810847
86.21748000		82.54333677		2.92599760		-151		-9.08657226		-9.08645675		7.45671716		1.62973959		4.67945550		0.34142394
90.14850000		90.16503890		3.04153408		-24		-1.44772606		-1.44617058		-0.16451642		1.61068701		4.65414973		0.33743038
90.14850000		90.28185255		3.15834773		-22		-1.32852719		-1.32839214		-0.28182466		1.61021680		4.62886043		0.33733183
87.80663000		87.82811510		3.28065721		-63		-3.78262245		-3.78237059		2.17189951		1.61047109		4.51824624		0.33738513
87.80663000		87.93058614		3.38312824		-61		-3.68449837		-3.68439186		2.06945771		1.61493415		4.49310201		0.33832061
85.78445000		85.79718967		3.46173751		-97		-5.85752101		-5.85744825		4.20284783		1.65460042		4.43148810		0.34663506
85.78445000		85.87455091		3.53909875		-96		-5.78950597		-5.78916913		4.12569966		1.66346947		4.40617758		0.34849415
85.83100000		85.83206690		3.59809868		-97		-5.82125355		-5.82119702		4.16794331		1.65325371		4.34756701		0.34635277
85.83100000		85.90245777		3.66848955		-95		-5.75964055		-5.75956757		4.09754707		1.66202049		4.32237592		0.34819042
89.12557000		89.13945884		3.74664407		-41		-2.51406341		-2.51398550		0.86055626		1.65342924		4.26669573		0.34638956
89.12557000		89.20514077		3.81232600		-40		-2.45013856		-2.45006978		0.79489402		1.65517576		4.24144159		0.34675566
81.85801000		81.87129289		3.87674954		-163		-9.82854660		-9.82793970		8.12933608		1.69860362		4.19075258		0.35585896
81.85801000		81.93532071		3.94077736		-163		-9.78038690		-9.78035948		8.06468737		1.71567211		4.16600283		0.35943696

GNSS heading		dr_yaw_angle		yaw_rate_accum_tmp	steer_angle	str_moving_avg_result	stanley_steering_angle	psi			atan_tmp		s			x_error
87.05984000		87.06703409		3.97382336		-77		-4.67254813		-4.67290723		2.93298238		1.73992485		4.10184646		0.36452106
87.05984000		87.12315559		4.02994486		-77		-4.62249142		-4.62239552		2.87687787		1.74551765		4.07700228		0.36569350
92.43708000		92.43750673		4.12194440		12		0.74194363		0.74202994		-2.43750519		1.69543069		4.03077942		0.35519385
92.43708000		92.48624984		4.17068752		13		0.79531723		0.79559157		-2.48594727		1.69035570		4.00607864		0.35413001
79.22111000		79.22427772		4.21707533		-208		-12.51491337		-12.51511230		10.77575754		1.73935476		3.95387666		0.36440155
79.22111000		79.29601013		4.28880775		-207		-12.46532364		-12.46519759		10.70400258		1.76119501		3.92980800		0.36898003
83.92569000		79.32321720		4.31601482		-206		-12.41859102		-12.41860186		10.67678902		1.74181284		3.87406539		0.36491685
83.92569000		79.34908674		4.34188436		-206		-12.41504250		-12.41501010		10.65093693		1.76407317		3.84985770		0.36958340
89.05366000		89.07557782		4.41960518		-45		-2.70621912		-2.70511282		0.92445454		1.78065828		3.78558986		0.37306031
89.05366000		89.15750451		4.50153187		-43		-2.62508726		-2.62500738		0.84250096		1.78250642		3.76056925		0.37344776
86.21031000		89.22331306		4.56734041		-42		-2.55739592		-2.55731642		0.77670515		1.78061127		3.70852250		0.37305045
86.21031000		89.28336604		4.62739340		-41		-2.49891719		-2.49885050		0.71667468		1.78217582		3.68355069		0.37337845
86.58438000		86.59660415		4.68414254		-86		-5.18536637		-5.18532056		3.40341756		1.78190299		3.62156446		0.37332125
86.58438000		86.63393803		4.72147641		-85		-5.15565540		-5.15549114		3.36607219		1.78941895		3.59649054		0.37489692
82.11402000		82.12131534		4.75307544		-161		-9.70434674		-9.70431681		7.87875006		1.82556675		3.53652465		0.38247524
82.11402000		82.18128924		4.81304934		-161		-9.66076760		-9.66070421		7.81873942		1.84196480		3.51212793		0.38591316
88.58393000		88.58886191		4.88684676		-53		-3.23401575		-3.23386854		1.41114306		1.82272548		3.45197216		0.38187956
88.58393000		88.66261009		4.96059493		-52		-3.16319468		-3.16336203		1.33739145		1.82560493		3.42703546		0.38248324
85.87605000		88.76208553		5.06007038		-51		-3.06253405		-3.06240685		1.23932951		1.82307734		3.36099116		0.38195333
85.87605000		88.85009877		5.14808362		-49		-2.97565610		-2.97552693		1.14992399		1.82560294		3.33574121		0.38248283
88.87174000		88.88435036		5.20012455		-49		-2.98122958		-2.98117948		1.11565625		1.86552323		3.31173875		0.39085239
88.87174000		88.94070697		5.25648116		-48		-2.92719424		-2.92712555		1.05930405		1.86782150		3.28662067		0.39133425
86.52157000		86.52942860		5.31612902		-88		-5.33670344		-5.33660147		3.47060188		1.86599959		3.16688370		0.39095227
86.52157000		86.57081377		5.35751419		-88		-5.30308480		-5.30289031		3.42969251		1.87319780		3.14223505		0.39246146
86.97552000		86.98192076		5.40131453		-81		-4.89852134		-4.89846799		3.01811165		1.88035634		3.05903748		0.39396235
86.97552000		87.05677682		5.47617060		-80		-4.83000455		-4.82991116		2.94325536		1.88665581		3.03409128		0.39528314
86.84537000		86.85680856		5.56356767		-83		-5.00915113		-5.00907475		3.14323281		1.86584194		2.95986494		0.39091921
86.84537000		86.92491174		5.63167085		-82		-4.94756915		-4.94750517		3.07511730		1.87238787		2.93501013		0.39229165
87.09416000		87.11635151		5.70275327		-79		-4.79356155		-4.79311552		2.88419134		1.90892417		2.85976981		0.39995213
87.09416000		87.20332461		5.78972638		-78		-4.71173826		-4.71160787		2.79668545		1.91492242		2.83487401		0.40120980
90.11626000		90.14054499		5.87563849		-29		-1.77871041		-1.77843767		-0.14049730		1.91893497		2.81001289		0.40205113
90.11626000		90.21835571		5.95344921		-28		-1.70035287		-1.70020720		-0.21835148		1.91855868		2.78505508		0.40197223
86.65900000		86.68086532		6.03778476		-87		-5.23929901		-5.23921519		3.31915840		1.92005679		2.63190764		0.40228635
86.65900000		86.74610373		6.10302317		-86		-5.18092377		-5.18087312		3.25390227		1.92697086		2.60718375		0.40373606
91.52556000		91.53569413		6.14059037		-6		-0.37087377		-0.37091750		-1.53567992		1.90659743		2.52327789		0.39946428
91.52556000		91.60340029		6.20829652		-4		-0.29987427		-0.29977273		-1.60335985		1.90313258		2.49816527		0.39873780
88.84498000		88.85458296		6.31379513		-50		-3.05301478		-3.05290379		1.14542289		1.90748090		2.40782830		0.39964952
88.84498000		88.90559771		6.36480989		-50		-3.00431507		-3.00439415		1.09440897		1.90998518		2.38282900		0.40017460
88.43437000		88.46489978		6.43536442		-57		-3.44497357		-3.44405954		1.53593724		1.90812230		2.28446070		0.39978400
88.43437000		88.62467485		6.59513949		-54		-3.28688518		-3.28677160		1.37541732		1.91135428		2.25945918		0.40046166
90.16210000		90.20444336		6.73139760		-28		-1.70278646		-1.70267624		-0.20442193		1.90709816		2.16279587		0.39956927
90.16210000		90.28955911		6.81651335		-26		-1.61717933		-1.61707301		-0.28950415		1.90657716		2.13790754		0.39946003
87.93521000		87.96884456		6.94087220		-65		-3.93843937		-3.93829310		2.03124270		1.90705041		2.02616498		0.39955926
87.93521000		88.10640474		7.07843238		-63		-3.80493187		-3.80480135		1.89359935		1.91120200		2.00144968		0.40042973
86.57577000		88.20094928		7.17297691		-62		-3.74977206		-3.74968874		1.79909032		1.95059842		1.90913541		0.40869028
86.57577000		88.27690636		7.24893399		-61		-3.67751192		-3.67742180		1.72313156		1.95429024		1.88478111		0.40946439
91.96633000		91.98144411		7.34135188		1		0.07473255		0.07484010		-1.98140764		1.90656754		1.78095507		0.39945801
91.96633000		92.06571767		7.42562545		2		0.16325781		0.16335888		-2.06571532		1.90231144		1.75620967		0.39856563
92.71745000		92.13613736		7.49604514		3		0.22876492		0.22982532		-2.13592343		1.90609812		1.65057049		0.39935959
92.71745000		92.19833238		7.55824015		4		0.29672040		0.29678628		-2.19832027		1.90153398		1.62587472		0.39840262
85.76494000		92.23861974		7.59852752		5		0.33249828		0.33252760		-2.23860509		1.90607748		1.51281521		0.39935526
85.76494000		92.24643187		7.60633965		5		0.34508038		0.34507636		-2.24643172		1.90135536		1.48827949		0.39836517
94.55590000		92.24133055		7.60123833		10		0.60855520		0.60856414		-2.24132914		1.63276500		1.36888386		0.39906778
94.55590000		92.24550149		7.60540926		10		0.62074742		0.62076843		-2.24549902		1.62473059		1.32059733		0.39710301
85.92288000		85.91970192		7.60224142		-95		-5.72014572		-5.72022826		4.08029852		1.63992975		1.24137860		0.40081988
85.92288000		85.90054412		7.58308362		-95		-5.75404069		-5.75408042		4.09945486		1.65462557		1.19534567		0.40441372
93.59958000		93.59998244		7.57095616		28		1.69396735		1.69398425		-3.59997688		1.90599263		1.11928872		0.39933747
93.59958000		93.62117683		7.59215055		28		1.72267469		1.72272614		-3.62115380		1.89842766		1.09542712		0.39775132
90.88153000		90.89314205		7.63877568		-16		-1.01387260		-1.01382524		-0.89291194		1.90673718		0.99610502		0.39949358
90.88153000		90.89465441		7.64028804		-16		-1.01016516		-1.01017490		-0.89465821		1.90483311		0.97299050		0.39909435
88.83634000		88.85184222		7.66252745		-50		-3.05622477		-3.05615266		1.14816005		1.90799260		0.87822475		0.39975681
88.83634000		88.94366732		7.75435255		-49		-2.96675645		-2.96664611		1.05633524		1.91031087		0.85662663		0.40024289
90.28408000		90.28684985		7.82340986		-26		-1.57805289		-1.57800581		-0.28684482		1.86485062		0.75715245		0.39071137
90.28408000		90.31874114		7.85530115		-25		-1.54553402		-1.54548224		-0.31873149		1.86421373		0.73638064		0.39057784
90.87027000		90.89060966		7.91473770		-16		-0.97388925		-0.97380124		-0.89058270		1.86438394		0.71607686		0.39061353
90.87027000		90.96088672		7.98501476		-15		-0.90232809		-0.90226693		-0.96018431		1.86245124		0.69600544		0.39020832
92.97333000		92.97607709		8.01578567		18		1.11232057		1.11234364		-2.97607137		1.86372773		0.56740132		0.39047594
92.97333000		92.99052678		8.03023536		18		1.13296628		1.13300634		-2.99050625		1.85749991		0.55107585		0.38917022
90.01342000		90.02243490		8.05831809		-30		-1.84247758		-1.84245569		-0.02243337		1.86487794		0.50027357		0.39071710
90.01342000		90.02144006		8.05732325		-30		-1.84333420		-1.84336597		-0.02143884		1.86482196		0.48991796		0.39070536
90.92895000		90.92116348		8.02791374		-15		-0.94301195		-0.94302517		-0.92119843		1.86422360		0.46058615		0.39057991
90.92895000		90.94391350		8.05066376		-15		-0.91841504		-0.91835730		-0.94388510		1.86224240		0.45703155		0.39016453
91.36971000		91.37960303		8.09900405		46		2.81765044		2.81769216		-4.67974700		1.86205485		0.47893043		0.39012521
91.36971000		91.38017488		8.09957590		47		2.82816859		2.82817253		-4.68033174		1.85215922		0.47410686		0.38805049
89.76597000		89.77184249		8.10733218		-34		-2.05085268		-2.05082399		0.22817070		1.82265329		0.51531169		0.38186442
89.76597000		89.79259818		8.12808787		-33		-2.03049992		-2.03051218		0.20740273		1.82310945		0.50815634		0.38196006
86.05368000		86.04466298		8.09292398		-96		-5.77922914		-5.77929882		3.95532119		1.82397763		0.49412624		0.38214208
86.05368000		86.02659193		8.07485293		-96		-5.80580201		-5.80579410		3.97341698		1.83237712		0.49553352		0.38390305
96.97199000		96.99012973		8.11799495		148		8.89351566		8.89360495		-10.68524647		1.79164151		0.57236332		0.37536287
96.97199000		97.03748393		8.16534915		149		8.96338223		8.96345460		-10.73260377		1.76914918		0.55932882		0.37064753
90.19647000		90.20655358		8.19555577		36		2.16827064		2.16831084		-3.90116804		1.73285720		0.52693512		0.36303946
90.19647000		90.22780251		8.21680469		36		2.19857689		2.19860626		-3.92293204		1.72432578		0.52764751		0.36125101
90.45189000		90.44912578		8.22135810		5		0.34762850		0.34741636		-2.04397458		1.69655822		0.57789868		0.35543020
90.45189000		90.41148089		8.18371321		9		0.55791088		0.55785086		-2.00602691		1.44817605		0.56377529		0.35393153
87.53363000		87.52727438		8.12938263		-38		-2.31770444		-2.31775008		0.87818354		1.43956654		0.54631581		0.35182649
87.53363000		87.52160582		8.12371407		-38		-2.32660429		-2.32661253		0.88389434		1.44271819		0.54753187		0.35259707
90.81411000		90.81075367		8.11940368		13		0.79404299		0.79403432		-2.21210191		1.41806759		0.61217444		0.34657004
90.81411000		90.81042267		8.11907268		13		0.80161426		0.80165795		-2.21174951		1.41009156		0.59303513		0.34461994
94.66393000		94.68279616		8.16670021		78		4.68603217		4.68611099		-6.08410705		1.39799607		0.57055600		0.34166268
94.66393000		94.69274598		8.17665004		78		4.71823676		4.71823859		-6.09408099		1.37584241		0.56371117		0.33624635
88.40096000		88.38242468		8.13336945		-9		-0.57440940		-0.57446350		-0.81536895		1.38983245		0.66218471		0.33966675
88.40096000		88.32883190		8.07977667		-10		-0.62513518		-0.62522105		-0.76177167		1.38699272		0.64138089		0.33897247
91.45203000		91.43351334		8.01394850		42		2.55093304		2.55075046		-3.86680724		1.31605679		0.59498938		0.32162990
91.45203000		91.40963986		7.99007502		42		2.54041949		2.54043794		-3.84256020		1.30212226		0.59001683		0.31822327
88.07856000		88.08499269		8.00965081		-13		-0.78207474		-0.78206821		-0.34008485		1.12215306		0.67185625		0.31340432
88.07856000		88.04428365		7.96894177		-13		-0.81988478		-0.82025602		-0.30037237		1.12062839		0.64129635		0.31297839
89.62343000		89.63619795		7.97237005		13		0.79816176		0.79827682		-1.89126725		1.09299043		0.61026441		0.30525753
89.62343000		89.75878525		8.09495734		15		0.92619107		0.92848980		-2.01241895		1.08392915		0.60326446		0.30272623
90.22578000		90.24789917		8.18429769		23		1.43203277		1.43209808		-2.50298172		1.07088363		0.60517935		0.29908195
90.22578000		90.28214514		8.21854366		24		1.47823239		1.47829141		-2.53720841		1.05891700		0.61765004		0.29573908
91.42443000		91.46434383		8.30162051		40		2.43857102		2.43873019		-3.43173999		0.99300980		0.64206456		0.27732841
91.42443000		91.56531611		8.40259279		42		2.55610557		2.55620328		-3.53275201		0.97654873		0.63452944		0.27273025
93.09782000		93.09902722		8.43383081		68		4.10263019		4.10307908		-5.06659482		0.96351574		0.64797341		0.26908971
93.09782000		93.07763758		8.41244117		68		4.10563577		4.10563056		-5.04510258		0.93947202		0.66567075		0.26237359
89.24798000		89.22682738		8.36392793		2		0.16790354		0.16782547		-1.07635225		0.90852678		0.66285298		0.25372980
89.24798000		89.11077591		8.24787645		0		0.05872310		0.05855387		-0.96231761		0.90376374		0.65150413		0.25239938
89.51758000		89.47732735		8.09264229		6		0.40460793		0.40446096		-1.32686610		0.92240513		0.65209211		0.25760636
89.51758000		89.39589365		8.01120859		5		0.32973040		0.32908175		-1.24539716		0.91631540		0.65530450		0.25590535
89.08023000		89.07649904		7.99540790		-2		-0.12395328		-0.12395908		-0.72794699		0.85190607		0.72452586		0.23791458
89.08023000		89.05637854		7.97528740		-2		-0.14065650		-0.14068129		-0.70783035		0.84851164		0.70752406		0.23696647
90.10677000		90.10288754		7.95771726		15		0.92031700		0.92033311		-1.75432780		0.83399470		0.69665938		0.23291170
90.10677000		90.12149798		7.97632771		15		0.94715329		0.94720243		-1.77292604		0.82572361		0.69300899		0.23060149
89.85969000		89.85720855		7.98471118		11		0.71976288		0.71974706		-1.42473593		0.70498886		0.77184431		0.22148996
89.85969000		89.81456024		7.94206288		11		0.68509835		0.68505054		-1.38210986		0.69705931		0.73681481		0.21899844
89.98011000		89.97228062		7.90186581		14		0.85180541		0.85179195		-1.53980104		0.68800909		0.71939767		0.21615482
89.98011000		89.95671534		7.88630053		14		0.84494832		0.84493770		-1.52448842		0.67955073		0.71318343		0.21349716
87.49803000		87.48574344		7.85077336		-26		-1.60845095		-1.60850900		0.94673305		0.66177595		0.73658935		0.20791229
87.49803000		87.43467679		7.79970671		-17		-1.06497118		-1.06502494		0.39823332		0.66679161		0.81764119		0.20948822
91.26691000		91.26369699		7.77714108		46		2.81282234		2.81284830		-3.43077414		0.61792583		0.75811873		0.19413465
91.26691000		91.30727891		7.82072301		47		2.87607434		2.87616884		-3.47419179		0.59802295		0.75148611		0.18788127
90.25171000		90.26208299		7.86246710		30		1.83298182		1.83299652		-2.42917218		0.59617566		0.75374952		0.18730086
90.25171000		90.19976366		7.80014777		29		1.78429115		1.78418478		-2.36687563		0.58269086		0.76141760		0.18306404
90.82242000		90.77350469		7.68478148		37		2.26665437		2.26650623		-2.81343097		0.54692474		0.79985479		0.17182669
90.82242000		90.69538153		7.60665832		36		2.20376698		2.20370823		-2.73512977		0.53142154		0.78745188		0.16695579
92.70639000		92.66694057		7.51820049		70		4.20043154		4.20033850		-4.70666705		0.50632855		0.78280905		0.15907194
92.70639000		92.53040337		7.38166328		68		4.08998593		4.08985336		-4.57021014		0.48035678		0.78629477		0.15091207
91.12046000		91.08945986		7.24327488		32		1.94645137		1.94629337		-2.37414670		0.42785333		0.85299572		0.14935176
91.12046000		90.89875731		7.05257232		29		1.77003535		1.76977597		-2.18337064		0.41359468		0.82637625		0.14437428
88.74361000		88.64819662		6.80930053		-8		-0.49769464		-0.50157943		0.06706097		0.43451846		0.82031730		0.15167846
88.74361000		88.49761213		6.65871604		-10		-0.65315255		-0.65325895		0.21777631		0.43548264		0.82398649		0.15201504
88.64688000		88.62573654		6.60577663		1		0.06385750		0.06381588		-0.47526065		0.41144477		0.90388232		0.14362379
88.64688000		88.59624261		6.57628270		0		0.03719043		0.03718491		-0.44573851		0.40855360		0.86486249		0.14261452
88.67845000		88.69905724		6.60576628		2		0.14635999		0.14641770		-0.54853480		0.40211710		0.84882848		0.14036765
88.67845000		88.73002695		6.63673600		3		0.18076280		0.18077587		-0.57942843		0.39865255		0.84908956		0.13915824
89.30434000		89.29790604		6.62088396		12		0.75600472		0.75599340		-1.14740063		0.39140723		0.86858132		0.13662902
89.30434000		89.28655274		6.60953065		1		0.08696499		0.08697307		-0.47236209		0.38538902		0.91549636		0.13452817
88.82038000		88.81091778		6.60028696		-6		-0.36905633		-0.36909463		0.00325111		0.36584352		0.87769202		0.12770521
88.82038000		88.76392331		6.55329250		-6		-0.41614012		-0.41619468		0.05019419		0.36600049		0.87687197		0.12776001
88.42384000		88.43404958		6.55194264		-11		-0.71590887		-0.71586579		0.38016220		0.33570359		0.89188701		0.12890240
88.42384000		88.48083351		6.59872657		-2		-0.12261183		-0.12255962		-0.21479546		0.33735508		0.93567558		0.12953655
88.41652000		88.43388297		6.63465893		-2		-0.16101164		-0.16097610		-0.16785107		0.32882718		0.89985024		0.12626196
88.41652000		88.46125454		6.66203050		-2		-0.13236916		-0.13234893		-0.19522136		0.32757029		0.89803796		0.12577933
89.03551000		89.03767686		6.67229312		7		0.44709448		0.44710368		-0.77164390		0.32454022		0.90026900		0.12461583
89.03551000		89.04404587		6.67866213		7		0.45875376		0.45877672		-0.77798972		0.31921300		0.91080471		0.12257026
87.68572000		87.68436353		6.68237754		-24		-1.47939637		-1.47942018		1.18765138		0.29176881		0.91771918		0.11203215
87.68572000		87.64646460		6.64447861		-25		-1.52552206		-1.52559063		1.22552759		0.30006304		0.91666349		0.11521699
89.99218000		90.00388731		6.63884224		13		0.83677565		0.83684436		-1.13176934		0.29492498		0.92434372		0.11324406
89.99218000		90.12021456		6.75516948		14		0.89637058		0.89655255		-1.18332938		0.28677683		1.02084133		0.11011532
88.31359000		88.35432975		6.85585088		-14		-0.84470470		-0.84454396		0.58250477		0.26203919		0.97857136		0.10976348
88.31359000		88.29611806		6.79763919		-15		-0.90698465		-0.90710636		0.64066387		0.26644249		0.97129034		0.11160797
89.18603000		89.18518574		6.75992458		0		0.00640656		0.00646237		-0.24834563		0.24188326		0.97894541		0.10132042
89.18603000		89.30785435		6.88259319		1		0.10719416		0.10735785		-0.34708975		0.23973190		1.01093805		0.10041925
88.29679000		88.30416671		6.94140924		-15		-0.90117811		-0.90119880		0.65654426		0.24465454		0.99055483		0.10248128
88.29679000		88.24660064		6.88384317		-16		-0.96372193		-0.96378942		0.71410661		0.24968281		0.99029696		0.10458755
89.75246000		89.78341773		6.90555919		10		0.60531832		0.60543515		-0.82268708		0.21725193		0.99889873		0.09100271
89.75246000		89.90717641		7.02931787		3		0.20288521		0.20302213		-0.41542192		0.21239979		1.02395760		0.08897022
88.26125000		88.25675620		7.06738782		-24		-1.46524604		-1.46529415		1.23496050		0.23033365		1.01053848		0.09648245
88.26125000		88.18304895		6.99368057		-25		-1.54826991		-1.54836650		1.30866710		0.23969940		1.01131458		0.10040564
90.34012000		90.37651716		7.01303963		10		0.64884299		0.64897782		-0.88472004		0.23574222		1.03775475		0.09874803
90.34012000		90.55031243		7.18683490		13		0.81870585		0.81891117		-1.04762973		0.22871856		1.04052676		0.09580591
88.06071000		88.07324984		7.25820458		-27		-1.62348186		-1.62353140		1.42941150		0.19411990		1.03056888		0.08808915
88.06071000		87.96758057		7.15253531		-29		-1.74047802		-1.74062686		1.53506652		0.20556034		1.03285432		0.09328072
91.00262000		91.03789577		7.15856430		22		1.34882058		1.34897479		-1.51936873		0.17039394		1.07902040		0.07732254
91.00262000		91.22176271		7.34243124		25		1.54538411		1.54559686		-1.70351253		0.15791567		1.06266696		0.07166004
89.20424000		89.18713760		7.37105823		-8		-0.49921836		-0.49931386		0.33106264		0.16825123		1.06163966		0.07635020
89.20424000		89.08143087		7.26535150		-10		-0.60771881		-0.60780732		0.43657102		0.17123631		1.06378175		0.07770480
91.22179000		91.24377128		7.27724909		26		1.57178866		1.57187679		-1.72523727		0.15336049		1.07525372		0.06959295
91.22179000		91.27574675		7.30922456		26		1.60784551		1.60784923		-1.74770924		0.13986001		1.08546856		0.06346658
88.69811000		88.66842467		7.26198863		-17		-1.02740788		-1.02787313		0.85921762		0.16865551		1.08406171		0.07653366
88.69811000		88.61637601		7.20993997		-18		-1.08706696		-1.08716681		0.91163770		0.17552911		1.08906347		0.07965283
90.83366000		90.78429099		7.12175091		10		0.65128567		0.65121685		-0.78447369		0.13325684		1.12662767		0.06047015
90.83366000		90.80651133		7.14397126		11		0.68847687		0.68860450		-0.80649475		0.11789025		1.12504432		0.05761213
88.76565000		88.79195474		7.21185445		-22		-1.35929724		-1.35930211		1.20804979		0.15125232		1.12913634		0.07391600
88.76565000		88.70177616		7.12167588		-24		-1.45866672		-1.45883017		1.29752198		0.16130819		1.19112479		0.07883026
91.14247000		91.16348931		7.10971870		17		1.04149029		1.04160536		-1.16346429		0.12185893		1.14741621		0.05955160
91.14247000		91.36253844		7.30876782		20		1.24896561		1.24920522		-1.36100200		0.11179679		1.14662130		0.05463429
88.86815000		88.90961448		7.42811709		-20		-1.24117200		-1.24120901		1.09037614		0.15083287		1.15710995		0.07371101
88.86815000		88.79202044		7.31052305		-15		-0.92945559		-0.92965365		0.77157147		0.15808218		1.17851043		0.07725372
89.99307000		90.00169220		7.26844331		4		0.29999546		0.30120631		-0.43798037		0.13677406		1.16986151		0.06684054
89.99307000		90.16473098		7.43148208		7		0.46824574		0.46842553		-0.60106954		0.13264401		1.17008699		0.06482221
88.89953000		88.89959378		7.47859579		-13		-0.80275141		-0.80282940		0.67210251		0.13072688		1.20400573		0.06388532
88.89953000		88.79536166		7.37436367		-15		-0.91279004		-0.91289925		0.77632711		0.13657214		1.19318660		0.06674186
91.42194000		88.81189361		7.39089562		-14		-0.88096678		-0.88085238		0.75990231		0.12095007		1.19102824		0.05910744
91.42194000		88.95402373		7.53302574		-12		-0.74656838		-0.74642749		0.61989440		0.12653309		1.19243059		0.06183583
88.78760000		88.81526397		7.61216831		-14		-0.87920935		-0.87915549		0.76808158		0.11107392		1.22584636		0.05428102
88.78760000		88.87707158		7.67397592		-13		-0.82328159		-0.82320401		0.70624255		0.11696146		1.22406508		0.05715823
91.01961000		91.07347424		7.77841767		23		1.40425163		1.40439451		-1.49008306		0.08568855		1.22299582		0.04486645
91.01961000		91.17634816		7.88129158		25		1.51990487		1.52001643		-1.59299039		0.07297396		1.22440193		0.03820909
88.20815000		88.21129841		7.90580132		-24		-1.47267351		-1.47274281		1.38297747		0.08976534		1.25611410		0.04700106
88.20815000		88.09124774		7.78575064		-26		-1.60438906		-1.60458471		1.50295566		0.10162905		1.25628540		0.05321290
91.52797000		88.02888880		7.72339171		-27		-1.63047932		-1.63045209		1.56540646		0.06504563		1.25628879		0.03405783
91.52797000		88.19053354		7.88503644		-24		-1.49029156		-1.49004500		1.41261956		0.07742544		1.28022007		0.04053989
89.36205000		88.41137839		8.10588129		-20		-1.24337689		-1.24317997		1.18999425		0.05318572		1.27664720		0.02784799
89.36205000		88.55755334		8.25205624		-18		-1.10642248		-1.10629708		1.04377260		0.06252448		1.27693894		0.03273775
91.09769000		91.18976804		8.39131584		26		1.57708734		1.57727229		-1.58848559		0.01121330		1.27648200		0.00587127
91.09769000		91.33744923		8.53899704		22		1.33681943		1.33696915		-1.33739846		0.00042931		1.29800007		0.00022479
91.38749000		91.38567398		8.57711901		23		1.39188827		1.39183980		-1.38568389		-0.00615591		1.29800801		0.00322323
91.38749000		91.24518876		8.43663380		21		1.26271446		1.26251516		-1.24527302		-0.01724214		1.29807504		0.00902796
91.24773000		91.12654014		8.25484124		19		1.15046330		1.15030213		-1.12657346		-0.02372867		1.29831451		0.01242430
91.24773000		90.99127017		8.11957126		23		1.40765125		1.40751328		-1.37358383		-0.03392944		1.33179468		0.01776542
90.05875000		89.97029442		7.98936306		6		0.39741884		0.39727866		-0.35256020		-0.04471847		1.33147217		0.02341454
90.05875000		89.83602053		7.85508917		4		0.26556234		0.26540172		-0.21831202		-0.04708970		1.33179661		0.02465612
90.76960000		89.73532216		7.75439080		2		0.16385155		0.16379274		-0.11138480		-0.05240794		1.35404247		0.02744074
90.76960000		89.71435417		7.73342281		2		0.14357217		0.14357783		-0.09038865		-0.05318918		1.35366160		0.02784980
89.86556000		89.86203590		7.73052550		5		0.30034750		0.30033815		-0.23807538		-0.06226278		1.35399161		0.03260073
89.86556000		89.85135822		7.71984783		4		0.29159091		0.29157599		-0.22739820		-0.06417779		1.35526582		0.03360343
90.69103000		90.67543598		7.69608342		12		0.74642487		0.74639532		-0.67544745		-0.07094787		1.37639119		0.03714824
90.69103000		90.64395278		7.66460022		12		0.72034061		0.72032690		-0.64395197		-0.07637492		1.37619665		0.03998984
89.78719000		89.75326457		7.61903125		-2		-0.17982312		-0.18001364		0.24654059		-0.06652695		1.37591584		0.03483345
89.78719000		89.67175871		7.53752539		-4		-0.26398631		-0.26406862		0.32822040		-0.06415178		1.37618360		0.03358981
90.54233000		90.53164496		7.50773598		16		0.98666490		0.98669962		-0.89298438		-0.09371523		1.40992242		0.04906922
90.54233000		90.58918271		7.56527373		17		1.05178367		1.05185622		-0.95050157		-0.10135465		1.41002850		0.05306923
89.11238000		89.07375123		7.53732809		-8		-0.48734082		-0.48746854		0.56486408		-0.07739554		1.41065809		0.04052423
89.11238000		88.92996924		7.39354610		-10		-0.64954946		-0.64970192		0.71688139		-0.06717946		1.44492558		0.03752011
90.35737000		90.37460986		7.38128343		13		0.81536140		0.81544798		-0.72764585		-0.08780213		1.44275650		0.04903800
90.35737000		90.49015263		7.49682621		15		0.93751050		0.93765197		-0.84317392		-0.09447805		1.44302789		0.05276654
89.06491000		89.05344410		7.51434321		-8		-0.52004538		-0.52013499		0.59345902		-0.07332403		1.44712469		0.04095188
89.06491000		88.91764674		7.37854585		-16		-1.01676602		-1.01692695		1.08232324		-0.06539630		1.45385761		0.03652420
90.68795000		90.70171020		7.36072909		13		0.80032228		0.80096953		-0.70167420		-0.09929533		1.45438921		0.05545703
90.68795000		90.86067503		7.51969392		16		0.96630521		0.96649009		-0.86061128		-0.10587881		1.45440706		0.05913395
88.62565000		90.88953879		7.54855768		16		1.00319007		1.00310392		-0.88956463		-0.11353929		1.45531819		0.06341239
88.62565000		90.73407249		7.39309138		14		0.85516443		0.85468947		-0.73413428		-0.12055519		1.45994266		0.06733082
90.41598000		90.35137106		7.27652058		7		0.43308160		0.43297437		-0.35137141		-0.08160296		1.48640387		0.04557572
90.41598000		90.26396714		7.18911666		5		0.35052420		0.34933485		-0.26513022		-0.08420463		1.48682262		0.04702877
88.84991000		88.80302679		7.09459665		-13		-0.80103959		-0.80261679		0.86147459		-0.05885780		1.52258536		0.03287241
88.84991000		88.76777539		7.05934525		-14		-0.84594909		-0.84595187		0.89706316		-0.05111129		1.51880119		0.02854594
89.62357000		89.67192760		7.11219676		1		0.07773331		0.07782212		-0.00702819		-0.07079393		1.51908982		0.03953881
89.62357000		89.79921314		7.23948230		3		0.20363237		0.20378721		-0.13236230		-0.07142491		1.51950903		0.03989122
89.08727000		89.84929450		7.28956367		-1		-0.09172820		-0.09175143		0.15065667		-0.05890524		1.55267786		0.03495508
89.08727000		89.81104854		7.25131770		-2		-0.13153336		-0.13155769		0.18894668		-0.05738899		1.55184276		0.03405532
90.15549000		90.16242348		7.25399535		3		0.22327475		0.22332039		-0.16228729		-0.06103311		1.55201577		0.03621779
90.15549000		90.19339486		7.28496673		4		0.25600012		0.25602887		-0.19339289		-0.06263598		1.55348494		0.03716895
88.62218000		88.60981373		7.27597336		-22		-1.35448018		-1.35452652		1.39018297		-0.03565645		1.58481402		0.02115897
88.62218000		88.58022341		7.24638304		-23		-1.39662849		-1.39669086		1.41978203		-0.02309117		1.58414470		0.01370257
90.22997000		90.31525095		7.34065192		5		0.35891297		0.35909244		-0.31519040		-0.04390204		1.58468189		0.02758447
90.22997000		90.55404112		7.57944209		10		0.60161720		0.60186987		-0.55397699		-0.04789288		1.59020043		0.03009199
89.21873000		90.65041980		7.67582077		16		1.01799084		1.01798364		-0.96721919		-0.05076445		1.60673731		0.03189625
89.21873000		90.54181764		7.56721862		15		0.91808968		0.91791942		-0.85861645		0.05922401		1.60689116		0.03721156
90.42916000		90.31508654		7.42112230		11		0.69897912		0.69766827		-0.63192415		-0.06574412		1.60741139		0.04130827
90.42916000		90.18795989		7.29399565		9		0.57971815		0.57959604		-0.50476113		-0.07483491		1.61093176		0.04440795
89.46790000		89.38570242		7.19178743		-4		-0.25798258		-0.25808635		0.30593844		-0.04785208		1.65051351		0.02839600
89.46790000		89.31033642		7.11642143		-5		-0.33651876		-0.33656399		0.38129142		-0.04472743		1.65050026		0.02654180
88.48085000		88.50016952		7.12836893		-19		-1.15412429		-1.15407026		1.19150347		-0.03743321		1.65192669		0.02221332
88.48085000		88.57616838		7.20436778		-18		-1.09259119		-1.09250129		1.11958330		-0.02708200		1.67233946		0.01607079
89.06597000		89.13843210		7.29604404		-8		-0.52558410		-0.52545685		0.55729687		-0.03184002		1.67223788		0.01889425
89.06597000		89.29046803		7.44807997		-6		-0.38125844		-0.37970376		0.40726099		-0.02755722		1.67221766		0.01635279
89.80768000		89.88937708		7.56676649		3		0.22135740		0.22143267		-0.19366861		-0.02776406		1.67244972		0.01647552
89.80768000		89.92336219		7.60075160		0		-0.04973655		-0.04972130		0.07664060		-0.02691930		1.70552152		0.01691390
90.10252000		89.92991311		7.60730252		0		-0.02815217		-0.02816737		0.07008216		-0.04191479		1.70542312		0.02633584
90.10252000		89.91164956		7.58903897		0		-0.04713696		-0.04715155		0.08834415		-0.04119260		1.70559571		0.02588208
89.86815000		89.86496911		7.58112950		3		0.20451320		0.20473375		-0.16145285		-0.04328090		1.71696262		0.02719420
89.86815000		89.87967847		7.59583887		3		0.22099456		0.22100042		-0.17616839		-0.04483204		1.71655127		0.02816880
89.41633000		89.40773314		7.58807080		-4		-0.24797559		-0.24800510		0.29577490		-0.04776980		1.71659858		0.03001466
89.41633000		89.38435310		7.56469076		-4		-0.27411194		-0.27419111		0.31915372		-0.04496261		1.71688640		0.02825084
90.43520000		90.44897378		7.57530677		13		0.81453359		0.81459083		-0.73805210		-0.07653874		1.76207738		0.04809073
90.43520000		90.48951984		7.61585283		14		0.85801611		0.85799010		-0.77859754		-0.07939256		1.76166852		0.05265518
89.63547000		89.58656220		7.56125349		-1		-0.06314144		-0.06327511		0.12435725		-0.06108214		1.76122912		0.04051122
89.63547000		89.42984207		7.40453336		-3		-0.22165086		-0.22180693		0.28101928		-0.05921235		1.76380530		0.03927113
89.91553000		89.86850955		7.33613968		-1		-0.06540157		-0.06540636		0.13145788		-0.06605152		1.78322433		0.04380705
89.91553000		89.91578878		7.38341891		0		-0.01931030		-0.01929158		0.08421341		-0.06492183		1.78304280		0.04305781
88.90459000		88.92959880		7.41842100		-16		-1.01163915		-1.01162762		1.07040274		0.05878343		1.78405098		0.03898666
88.90459000		88.93817778		7.42699998		-12		-0.72991033		-0.72988168		0.77979653		-0.04991485		1.80603586		0.03310479
90.24075000		90.33816870		7.53678255		11		0.69479133		0.69498794		-0.62015392		-0.07483402		1.80541008		0.04963183
90.24075000		90.51111814		7.70973199		14		0.87393529		0.87404164		-0.79260387		-0.08143777		1.80575246		0.05401161
89.12345000		89.06814974		7.66579116		-9		-0.58855175		-0.58870525		0.64977998		-0.06107473		1.81292552		0.04050631
89.12345000		88.88952687		7.48716830		-8		-0.49853435		-0.49868897		0.55225194		-0.05356296		1.82740119		0.03739401
90.52972000		90.53850333		7.47351607		19		1.15608644		1.15618949		-1.09574518		-0.06044431		1.82711798		0.04219810
90.52972000		90.65959159		7.59460433		21		1.28777331		1.28789461		-1.21680407		-0.07109054		1.82747369		0.04963059
88.99825000		88.90772400		7.51377978		-16		-1.01068655		-1.01091046		1.09217346		-0.08126300		1.86236171		0.05673231
88.99825000		88.65935924		7.26541502		-21		-1.27034896		-1.27063388		1.34054769		-0.06991381		1.86040659		0.04880907
90.82252000		90.84814793		7.26268971		15		0.95590353		0.95609419		-0.84806020		-0.10803398		1.86279256		0.07542204
90.82252000		91.07683532		7.49137711		19		1.19349979		1.19373307		-1.07673490		-0.11699816		1.87081044		0.08168024
88.69363000		88.63940229		7.46150350		-16		-1.01848153		-1.01875988		1.08847588		-0.06971601		1.87155382		0.04867098
88.69363000		88.32818452		7.15028573		-22		-1.34110400		-1.34147086		1.39968434		-0.05821348		1.87090419		0.04064069
90.38307000		90.30325908		7.00278620		11		0.67748408		0.67746957		-0.57533812		-0.10213146		1.87524904		0.07130128
90.38307000		90.29764569		6.99717281		6		0.40537654		0.40524229		-0.29836726		-0.10687502		1.90634185		0.07461293
88.31789000		88.22736820		6.88102912		-28		-1.70708101		-1.70725553		1.77259033		-0.06533481		1.89313755		0.04561232
88.31789000		88.11818130		6.77184222		-30		-1.83357435		-1.83369522		1.88180362		-0.04810839		1.89262420		0.03358600
89.94536000		89.91417566		6.73011853		4		0.25745742		0.25743085		-0.18153786		-0.07589299		1.92236227		0.05298333
89.94536000		89.95951398		6.77545684		5		0.30437603		0.30451763		-0.22683210		-0.07768554		1.90536891		0.05423477
88.88928000		88.97304766		6.87208070		-11		-0.71360532		-0.71305881		0.76024505		-0.04718623		1.90361380		0.03294221
88.88928000		88.94417864		6.84321168		-12		-0.74841342		-0.74849837		0.78846384		-0.03996548		1.90344693		0.02790117
88.69151000		88.72598013		6.86841691		-20		-1.24623922		-1.24612448		1.27403246		-0.02790797		1.92536021		0.01948344
89.49643000		89.54336338		7.14174779		-7		-0.43419572		-0.43355955		0.45675431		-0.02319476		1.92515908		0.01700265
89.49643000		89.84603398		7.44441839		-2		-0.13518307		-0.13496986		0.15405068		-0.01908082		1.92531778		0.01398697
89.41999000		89.48695725		7.59099125		-3		-0.23587001		-0.23585321		0.24722646		-0.01137325		1.91406084		0.00833703
89.93860000		89.92219054		7.62211698		0		-0.05371866		-0.05380090		0.07780856		-0.02400766		1.90317312		0.01759853
89.93860000		89.76041592		7.46034237		-3		-0.21755670		-0.21766190		0.23955493		-0.02189303		1.90315561		0.01604843
90.07010000		90.09866901		7.47502100		6		0.40500169		0.40506155		-0.36599191		-0.03906964		1.90382346		0.02863954
89.84771000		89.83897699		7.51581044		2		0.13710066		0.13705922		-0.10633635		-0.03072287		1.90330330		0.02252104
89.95519000		89.72253309		7.39936653		0		0.03004324		0.02999642		0.00697797		-0.03697439		1.88235029		0.02710365
89.95519000		89.70791677		7.38475022		0		0.01496450		0.01506350		0.02160550		-0.03666901		1.88142519		0.02687979
89.39356000		89.38205861		7.37405547		-5		-0.32006117		-0.32006004		0.34745776		-0.02739772		1.88202664		0.02008358
89.98068000		90.02776958		7.43423667		5		0.33795540		0.33803926		-0.29667912		-0.04136014		1.89252163		0.03031857
89.67690000		89.67310415		7.51859442		0		-0.01172478		-0.01178633		0.05797382		-0.04618749		1.89353176		0.03385721
89.67690000		89.55610841		7.40159868		-2		-0.12541240		-0.12549760		0.17016900		-0.04467140		1.85988855		0.03274585
89.36465000		89.25407230		7.27811217		-2		-0.15350439		-0.15365118		0.20079146		-0.04714028		1.87079517		0.03455563
89.21871000		89.18963742		7.22096212		-3		-0.20532229		-0.20531110		0.26622526		-0.06091416		1.87200716		0.04465243
90.20730000		90.22528648		7.27582421		9		0.56699575		0.56706212		-0.50221823		-0.06484388		1.83848975		0.04753307
89.66363000		89.66397538		7.35658110		0		0.01156229		0.01156112		0.05906219		-0.07062331		1.83976179		0.05176962
89.19361000		89.18552862		7.15175371		6		0.37602081		0.37596455		-0.29328227		-0.08268228		1.83934489		0.06060932
89.19361000		89.08996922		7.05619432		4		0.28567955		0.28500365		-0.19893718		-0.08606647		1.84053655		0.06309006
89.49665000		89.43279651		6.92099522		1		0.08517635		0.08516300		0.01328285		-0.09844585		1.84077586		0.07216465
90.51784000		90.51206650		6.90419678		19		1.19800940		1.19800440		-1.06598084		-0.13202357		1.84558767		0.09677850
88.56519000		88.45071132		6.76778508		-10		-0.60580517		-0.60602567		0.70830146		-0.10227580		1.81828714		0.07497215
89.27708000		88.16298900		6.48006276		-14		-0.86519139		-0.86524203		0.98052787		-0.11528584		1.82402977		0.08450905
89.27708000		88.36159142		6.67866517		-11		-0.67996512		-0.67971222		0.78197238		-0.10226016		1.78571977		0.07496069
88.94253000		89.11238503		6.90174360		1		0.08444472		0.08458367		0.03120171		-0.11578538		1.78927221		0.08487523
88.88021000		88.93515049		7.01288610		-6		-0.37251971		-0.37255402		0.49000734		-0.11745332		1.77540696		0.08609790
88.65938000		88.70517396		7.05756300		-9		-0.58084309		-0.58076453		0.70185831		-0.12109378		1.72885710		0.08876651
89.60857000		89.62786830		7.33707316		6		0.36107333		0.36126739		-0.22462832		-0.13663907		1.71525083		0.10016186
89.84466000		89.82136389		7.40980636		9		0.56859392		0.56852005		-0.41819290		-0.15032714		1.71424936		0.11019580
90.88892000		90.86038549		7.27803313		27		1.64534716		1.64525832		-1.47304001		-0.17221831		1.67063641		0.12624300
90.88892000		90.70919065		7.12683830		25		1.51365127		1.51345475		-1.32183811		-0.19161664		1.68365849		0.14046286
88.93292000		88.62428272		6.77190850		-9		-0.59315122		-0.59348119		0.75896013		-0.16547894		1.65919183		0.12130273
89.78939000		88.41852833		6.56615412		-12		-0.76669429		-0.76663745		0.94790440		-0.18126694		1.68236214		0.13287605
88.16838000		88.29610108		6.90493350		-15		-0.91297640		-0.91185049		1.07033577		-0.15848528		1.61647304		0.11617608
89.73509000		89.96167945		7.22335733		7		0.45619281		0.45646738		-0.28286181		-0.17360557		1.59419024		0.12725992
89.52739000		89.51692630		7.34685152		0		0.02184999		0.02177264		0.15732498		-0.17909762		1.59468229		0.13128584
90.10055000		90.07701562		7.19541100		9		0.59409068		0.59408855		-0.40273882		-0.19134973		1.57856148		0.14026720
89.15122000		89.14088679		7.20799839		-5		-0.34369058		-0.34430930		0.52871044		-0.18440114		1.55260608		0.13517356
89.15122000		88.95553921		7.02265081		-8		-0.53876263		-0.53890169		0.71403381		-0.17513212		1.55540520		0.12837895
90.14382000		90.23550541		7.10112700		18		1.12945945		1.12962292		-0.91069158		-0.21893134		1.52424152		0.16048583
88.78948000		88.58990140		6.94652425		-14		-0.86944090		-0.86975897		1.06341894		-0.19365997		1.52379300		0.14196071
89.61812000		89.60731651		6.74741523		2		0.16173552		0.16186391		0.05009968		-0.21196360		1.50944257		0.15537814
88.37414000		88.36268257		6.94802042		-18		-1.10620812		-1.10635893		1.28690059		-0.18054166		1.46624171		0.13234439
89.76244000		90.10690351		7.24792238		17		1.03278025		1.03287000		-0.82395543		-0.20891457		1.43823202		0.15314306
88.35649000		88.10327108		6.99725359		-22		-1.35767759		-1.35791753		1.52961214		-0.17169461		1.39830673		0.12585909
88.98785000		89.05423807		7.33130031		-6		-0.37478469		-0.37467571		0.57276265		-0.19808694		1.38086486		0.14520589
88.98785000		88.87135756		7.14841980		-2		-0.16701069		-0.16716709		0.35729584		-0.19012875		1.34768472		0.13937216
89.70217000		88.96482115		7.24188339		0		-0.05483264		-0.05464330		0.26437559		-0.20973229		1.35636813		0.15374248
89.89761000		89.91177731		7.28722933		9		0.54974079		0.54986842		-0.31745272		-0.23241570		1.28691327		0.17037054
89.89761000		90.06921183		7.44466385		11		0.71349701		0.71354570		-0.47492216		-0.23862354		1.28340950		0.17492120
89.75628000		89.73211756		7.23295015		6		0.41480097		0.41476351		-0.16039470		-0.25436881		1.25315575		0.18646330
89.75628000		89.76205589		7.26288848		7		0.44729385		0.44730421		-0.19031592		-0.25698829		1.21907626		0.18838352
89.79451000		89.76300518		7.09257978		7		0.46275047		0.46273519		-0.21205686		-0.25067833		1.17797533		0.18375799
89.13638000		89.12936507		7.09179640		-2		-0.13148412		-0.13152780		0.38375709		-0.25222929		1.15301920		0.18489492
89.13638000		88.98628266		6.94871399		-4		-0.28203867		-0.28210188		0.52682776		-0.24472588		1.07771662		0.17939453
89.31569000		89.35151588		6.97972364		2		0.12269808		0.12277703		0.12883787		-0.25161490		1.01294939		0.18444454
88.36164000		88.36516218		7.00546671		-13		-0.82751312		-0.82754305		1.08421502		-0.25667197		0.95826029		0.17919203
89.25950000		89.46143206		7.20615019		5		0.31411060		0.31430702		-0.04408958		-0.27021744		0.94761410		0.18864875
88.54510000		88.56059434		7.29391546		-19		-1.18718485		-1.18725594		1.43937957		-0.25212363		0.82205986		0.17601663
89.92678000		89.94283931		7.25866682		3		0.22345315		0.22354716		0.05717336		-0.28072051		0.75381104		0.18618238
88.54689000		88.55770252		7.49806597		-6		-0.38416719		-0.38407367		0.67150251		-0.28742884		0.71146987		0.19063162
89.86683000		89.84959417		7.37053624		2		0.13172188		0.13171142		0.15040505		-0.28211647		0.62651282		0.17726044
89.71133000		89.78088280		7.65716562		1		0.06351100		0.06335345		0.21911842		-0.28247187		0.52870052		0.16762354
89.96509000		89.98510571		7.58731090		5		0.30255168		0.30260340		0.01490090		-0.31750430		0.45843104		0.17732967
89.78012000		89.71223635		7.51596292		0		0.02872980		0.02862288		0.28771906		-0.31634195		0.37850790		0.17668046
89.29404000		89.29853750		7.46682525		-6		-0.36421015		-0.36419896		0.70146936		-0.33727040		0.28460079		0.17659641
89.29404000		89.30462084		7.47290860		-5		-0.34352751		-0.34354197		0.69537566		-0.35183369		0.20201743		0.17194053
89.70932000		89.75232018		7.51528768		-500		-168.85564284		-168.85569932		168.23371207		0.62198724		155.86532069		0.28225994
90.32592000		90.43170731		7.63830599		-500		-168.44862312		-168.44854847		167.55440730		0.89414116		156.43130164		0.40578132
89.26557000		90.80808907		8.01468775		-500		-168.35660727		-168.35634685		167.17795172		1.17839513		156.88969534		0.49367460
91.03618000		91.08030521		8.52146116		-500		-168.44251191		-168.44221920		166.90577381		1.53644539		157.30944822		0.59009412
92.50367000		92.62911906		9.46109202		-500		-167.34633156		-167.34591090		165.35700619		1.98890471		157.75791540		0.69453770
94.54339000		94.72963696		11.62159837		-500		-166.04518602		-166.04464631		163.25641578		2.78823053		158.44999065		0.87664056
