GNSS heading		dr_yaw_angle		yaw_rate_accum_tmp		steer_angle		str_moving_avg_result		stanley_steering_angle		atan_tmp
268.75833000		268.75792219		-0.00040781		170		10.25010781		179.82625098		-1.06832789
268.75833000		268.75937111		0.00045413		500		110.50337465		179.82769487		1.06832789
268.75833000		268.75940418		0.00048720		500		179.82767622		179.82773228		-1.06832789
268.75833000		268.75260282		-0.00765417		500		179.82678089		179.82093164		-1.06832789
268.75833000		268.74491011		-0.01534688		500		179.82172192		179.81323748		-1.06832789
268.75833000		268.75005101		-0.03038163		500		179.81741775		179.81838291		-1.06832789
268.75833000		268.73658203		-0.04385061		500		179.81445107		179.80491731		-1.06832789
268.75833000		268.75446013		-0.05326509		500		179.81164826		179.82279214		-1.06832789
268.75833000		268.74076109		-0.06696413		500		179.81454315		179.80909453		-1.06832789
268.75833000		268.75120803		-0.08384597		500		179.81324315		179.81953900		-1.06832789
268.75833000		268.73667839		-0.09837561		500		179.81475269		179.80501040		-1.06832789
268.75833000		268.75241499		-0.11477087		500		11.68779771		179.82074260		-1.06832789
268.75833000		268.73388932		-0.13329654		500		179.81111094		179.80222173		-1.06832789
268.75833000		268.75056354		-0.14997342		500		179.81131099		179.81889942		-1.06832789
268.75833000		268.73362764		-0.16690932		500		179.81249799		179.80197299		-1.06832789
268.75833000		268.74510897		-0.18732687		500		179.81126498		179.81344723		-1.06832789
268.75833000		268.70685446		-0.22558138		500		110.04512149		179.77518949		-1.06832789
268.75833000		268.70218526		-0.31379832		500		179.78734110		179.77059201		-1.06832789
268.75833000		268.50439879		-0.51158479		500		179.73052400		179.57692489		-1.06832789
268.75833000		268.60338631		-0.81020087		500		179.64820169		179.67180863		-1.06832789
268.75833000		268.18402959		-1.22955758		500		179.54770431		179.07458468		-0.89031233
84.07847000		83.89148992		-1.80572142		500		149.42200228		-5.22066744		-0.88765389
84.07847000		83.14515027		-2.55206107		500		46.66867620		-5.98147788		-0.87305843
85.21138000		84.73342101		-3.41901862		-89		-5.36977617		-4.54907917		-0.71704916
85.21138000		83.77735214		-4.37508750		-84		-5.07125568		-5.51895107		-0.69658671
75.67560000		75.09252315		-5.40268805		-132		-7.96105130		-14.28224525		-0.62497994
75.67560000		74.06416183		-6.43104937		-228		-13.73281353		-15.36426666		-0.57074677
76.15527000		75.70680501		-7.44209758		-247		-14.84950190		-13.84499564		-0.44767102
76.15527000		74.70504543		-8.44385717		-241		-14.50057388		-14.91266050		-0.38177397
78.45742000		77.94574884		-9.42987539		-229		-13.79564015		-11.73245426		-0.32128995
78.45742000		76.99411097		-10.38151327		-210		-12.60118392		-12.73909116		-0.26634001
74.17908000		73.81337586		-11.28115534		-219		-13.15405105		-16.04688125		-0.13794650
74.17908000		72.95065756		-12.14387364		-257		-15.45501338		-17.00216465		-0.04686453
73.99769000		73.55717942		-12.95080284		-277		-1.11346775		-16.49259849		0.04982760
73.99769000		72.81663050		-13.69135175		-279		-16.75210019		-17.32565930		0.14256867
70.96875000		70.62303432		-14.35599278		-298		-10.27374078		-19.63058885		0.25385789
70.96875000		70.03701483		-14.94201228		-323		-19.38201618		-20.32454323		0.36173107
70.16609000		69.88528143		-15.44394952		-336		-20.20708427		-20.57431045		0.45971632
70.16609000		69.46051121		-15.86871975		-344		-20.66206329		-21.10576570		0.57089648
70.26259000		70.09381103		-16.22130959		-347		-17.41294720		-20.59670554		0.69057801
70.26259000		69.81622414		-16.49889648		-345		-20.75999699		-20.96769826		0.78414216
66.06848000		65.97372279		-16.71464968		-368		-22.11015046		-24.96854118		0.94231071
66.06848000		65.81363384		-16.87473862		-412		-24.74686784		-25.23949695		1.05320170
70.60488000		70.55768088		-16.97414262		-393		-23.58429845		-20.57330764		1.13103065
70.60488000		70.51681484		-17.01500866		-345		-20.71775800		-20.70489758		1.22171443
69.07906000		69.09366652		-17.00128357		-352		-21.14505358		-22.26359869		1.35725399
69.07906000		69.16809621		-16.92685387		-367		-22.02104416		-22.28642758		1.45445087
69.31464000		69.39493090		-16.79189230		-370		-22.24901171		-22.15244516		1.54725106
69.31464000		69.56388786		-16.62293533		-369		-22.15941883		-22.07914888		1.64154830
73.29983000		73.40629055		-16.39550868		-353		-21.22315680		-18.28087331		1.68689994
73.29983000		73.68808095		-16.11371828		-320		-19.25666745		-18.07627702		1.76412814
69.12188000		69.25942931		-15.79601285		-318		-19.12164360		-22.62461689		1.88387119
69.12188000		69.63032828		-15.42511388		-353		-0.17156430		-22.34839204		1.97868763
73.09860000		73.39025211		-14.98832502		-350		-21.05693209		-18.63184882		2.02171397
73.09860000		73.86217567		-14.51640146		-314		-18.85747400		-18.23614977		2.09803816
73.26880000		73.63014499		-14.01802317		-308		-18.49314880		-18.55445636		2.18458832
73.26880000		74.16324048		-13.48492769		-308		-18.50426410		-18.41583635		2.57349266
74.90681000		75.22890292		-12.91425114		-284		-17.04139483		-14.11277292		2.64139439
74.90681000		75.82607970		-12.31707436		-250		-15.02868027		-16.80474117		2.62242397
79.59203000		79.94134527		-11.73365020		-242		-6.67724480		-12.73198637		2.67326310
79.59203000		80.45773564		-11.21725983		-221		-13.26885895		-12.25070534		2.70812559
79.51357000		79.75389276		-10.72993493		-190		-11.40761062		-9.35791007		2.80661321
79.51357000		80.21837845		-10.26544925		-160		-9.61305169		-8.91575519		2.82907112
83.15624000		83.43842280		-9.83560644		-130		-7.84376006		-5.68852927		2.82208461
83.15624000		83.81987525		-9.45415400		-108		-6.53174094		-7.05387614		2.46813177
79.82757000		80.05001186		-9.10681116		-140		-8.40644682		-10.86159569		2.50599074
79.82757000		80.34731634		-8.80950667		-174		-10.44929881		-10.79357884		2.54211603
75.19228000		75.33742684		-8.54878573		-203		-12.21631003		-15.88003529		2.61873780
75.19228000		75.66670145		-8.21951112		-247		-14.83261728		-15.61265398		2.68051796
79.88037000		80.16277691		-7.81354422		-225		-13.55363669		-10.07243374		2.66783732
79.88037000		80.60122282		-7.37509831		-176		-10.56201252		-9.66784303		2.70149088
81.45256000		81.72758577		-6.86496646		-156		-9.41227196		-8.55801164		2.71821262
81.45256000		82.22847106		-6.36408117		-143		-8.61385510		-8.08316336		2.74438164
82.68088000		82.94975532		-5.97080632		-133		-8.00255237		-7.54421491		2.74439734
82.68088000		83.30067855		-5.61988308		-125		-7.53913042		-7.21080213		2.76648258
84.64135000		84.88433271		-5.26054574		-112		-6.77407134		-5.62804101		2.76712495
84.64135000		85.19971629		-4.94516217		-95		-5.72355301		-5.32531527		2.77987623
84.21783000		84.40902297		-4.67223767		-95		-5.72724388		-6.14755539		2.81156121
84.21783000		84.67275269		-4.40850795		-103		-6.20896634		-6.18461753		2.82461137
85.05843000		84.91109614		-4.17016450		-102		-6.13783766		-5.91337986		2.79182759
85.05843000		85.14586529		-3.93539535		-97		-0.65621743		-5.38270196		2.49599641
83.64140000		83.78496334		-3.66212962		-98		-5.90129493		-6.88075007		2.51504188
83.64140000		84.06156106		-3.38553190		-108		-6.50528050		-6.62766038		2.53859949
85.90369000		84.30332157		-3.14377140		-109		-6.59581411		-6.38992087		2.54256463
85.90369000		84.56142792		-2.88566504		-106		-6.36686531		-6.15258202		2.56341734
86.53960000		86.76782298		-2.56149142		-91		-5.46679805		-4.11235503		2.53062101
86.53960000		87.07696588		-2.25234852		-72		-4.33481123		-3.81026010		2.53857296
87.03748000		87.16227341		-1.99813618		-64		-2.91574478		-3.71596973		2.52964631
87.03748000		87.38967367		-1.77073592		-61		-3.67520271		-3.49665306		2.53560433
87.07605000		87.20282872		-1.56434024		-60		-3.63907671		-3.75988457		2.53016491
87.07605000		87.38854418		-1.37862478		-61		-3.70070234		-3.58047455		2.53652925
88.08350000		88.18283346		-1.19146129		-56		-3.37479147		-2.77947492		2.52784137
88.08350000		88.37529895		-0.99899580		-47		-0.18774961		-2.58591348		2.52871604
89.09325000		89.21742189		-0.80514297		-34		-2.06760110		-0.88718392		2.27152243
89.09325000		89.39650132		-0.62606354		-16		-1.00244686		-0.69875178		2.26224219
89.12188000		89.21369603		-0.49075129		-13		-0.80399281		-0.85195257		2.23269156
89.12188000		89.28430307		-0.42014425		-13		-0.82724090		-0.77298339		2.22386984
87.41050000		87.43787593		-0.38073939		-26		-1.61604418		-2.75010232		2.22770183
87.41050000		87.48408895		-0.33452638		-45		-2.71868068		-2.70704108		2.23083110
89.13936000		89.18773097		-0.26799804		-35		-2.12782301		-0.97915523		2.20658089
89.13936000		89.31894247		-0.13678654		-19		-1.18391227		-0.83994354		2.19847432
88.87961000		88.97791270		0.04621587		-20		-1.20686018		-1.93072936		2.19250027
88.87961000		89.08750378		0.15580695		-29		-1.78853205		-1.81834993		2.19042746
89.82028000		89.84389538		0.19112001		-23		-1.40935945		-0.83709198		1.96556051
89.82028000		89.93705559		0.28428023		-14		-0.85172396		-0.73604978		1.95761926
88.46442000		88.56501014		0.42319015		-18		-1.11395000		-1.53199426		1.94642514
88.46442000		88.62957221		0.48775223		-25		-1.50869657		-1.46427677		1.94331925
88.64781000		88.66221346		0.52039347		-24		-1.46306280		-1.42152187		1.93319493
88.64781000		88.75916594		0.61734596		-23		-1.41085602		-1.32342647		1.92948929
89.91221000		89.99264716		0.73522098		-18		-1.11533807		-0.71380954		1.89218743
89.91221000		90.08583105		0.82840487		-12		-0.73295914		-0.61212652		1.88374742
89.51923000		89.57828093		0.92084252		-13		-0.79997339		-1.10616454		1.87020057
89.51923000		89.65790780		1.00046939		-17		-1.02460994		-1.02099804		1.86465950
89.79347000		89.81979245		1.03564995		-12		-0.72339458		-0.29114060		1.84487737
89.79347000		89.86940933		1.08526683		-5		-0.31300280		-0.23071908		1.83405512
90.49506000		90.56772975		1.17519524		1		0.10505789		0.65462828		1.64700306
90.49506000		90.61507546		1.22254094		9		0.59814901		0.11480803		1.62821533
90.32927000		90.31327809		1.20649577		3		0.22065636		-0.17889143		1.62015955
90.32927000		90.29298649		1.18620416		-2		-0.15196243		-0.18873797		1.60972370
90.78021000		90.75872713		1.15682161		0		0.01204604		0.29193117		1.59479026
90.78021000		90.74158690		1.13968138		4		0.24714811		0.22382914		1.58092592
89.12999000		89.14530408		1.16378581		-4		-0.29760358		-1.37163364		1.58010844
89.12999000		89.15052117		1.16900290		-18		-1.12681219		-1.36482862		1.57852791
90.91692000		90.89583532		1.14474755		-8		-0.53552280		0.42529927		1.53370814
90.91692000		90.94438831		1.19330054		6		0.10525454		0.48832794		1.51922348
89.80645000		89.89042368		1.30445348		0		0.01620067		-0.56466289		1.49431477
89.80645000		89.90646836		1.32049816		-8		-0.50304675		-0.54117466		1.48740690
90.51767000		89.84267998		1.25670978		-11		-0.67374860		-1.01954445		1.37051564
90.51767000		89.86209769		1.27612749		-15		-0.91594761		-0.99746534		1.36779357
90.78566000		90.84427217		1.35388120		-10		-0.61325607		0.01835698		1.33414108
90.78566000		90.89958675		1.40919578		-1		-0.08248503		0.08292191		1.32365467
89.78297000		89.83577524		1.48440629		-6		-0.39037601		-0.99898752		1.33204451
89.78297000		89.88592938		1.53456043		-16		-0.98355504		-0.94594204		1.32920353
92.40651000		92.39554863		1.52334875		6		0.39360534		1.61031327		1.28256963
92.40651000		92.43360962		1.56140974		27		1.62266577		1.67080610		1.26007756
90.69371000		92.52198489		1.64978501		27		1.67882775		1.75320260		1.25056606
90.69371000		92.43641752		1.56421764		28		1.72878578		1.69250052		1.22761214
90.63287000		92.21470039		1.34250051		27		1.64354830		1.45557085		1.24093144
90.63287000		92.04905663		1.17685675		24		1.44830446		1.30034626		1.22074921
90.73201000		90.61789941		1.03679292		11		0.68783350		-0.13509184		1.22503530
90.73201000		90.44330984		0.86220334		-2		-0.00780949		-0.30195262		1.21723956
89.90933000		89.86048290		0.74307834		-7		-0.45224982		-0.81476068		1.14722704
89.90933000		89.85479988		0.73739531		-16		-0.97400039		-1.29151541		1.14630636
89.43038000		89.47053395		0.78283027		-24		-1.48830525		-1.67790866		1.14840053
89.43038000		89.54959606		0.86189238		-27		-1.66642490		-1.60289821		1.15238865
90.05255000		90.16416834		0.99149280		-22		-1.36123189		-0.96165970		1.12575526
90.05255000		90.33761646		1.16494091		-15		-0.95642958		-0.78748407		1.12376037
90.32213000		90.41388131		1.33510136		-13		-0.80174688		-0.70696886		1.12073934
90.32213000		90.53332516		1.45454521		-11		-0.69247975		-0.58354053		1.11686217
91.29565000		91.34855988		1.52716188		-1		-0.07355552		0.68824464		1.09661827
91.29565000		91.39998241		1.57858441		9		0.59365086		0.75428008		1.08200983
89.61499000		89.65138351		1.62792501		0		0.01405298		-0.98708208		1.07479844
89.61499000		89.61471820		1.59125970		-15		-0.93805782		-1.03109901		1.07414371
91.59625000		91.53512648		1.51542277		-2		-0.17711216		0.97892600		0.98448060
91.59625000		91.58145487		1.56175116		16		0.97492920		1.04173984		0.96793999
90.70562000		91.69134505		1.67164135		17		1.06121783		1.15251528		0.95551604
90.70562000		91.63623960		1.61653590		18		1.13452607		1.11503080		0.93802814
91.14978000		91.01166722		1.44596052		14		0.87619649		0.49493498		0.93346284
91.14978000		90.91107952		1.34537282		8		0.34018337		0.40580303		0.92197818
90.69861000		90.62096419		1.25050550		5		0.30979142		0.11740585		0.90935218
90.69861000		90.52585674		1.15539804		1		0.11773234		0.03041130		0.90118373
89.07666000		89.06918505		1.13307238		-8		-0.51402315		-1.42445377		0.89935633
89.07666000		89.06999308		1.13388041		-21		-1.28909895		-1.42805159		0.90376730
91.04460000		91.05820928		1.14688256		-7		-0.47812004		0.56988980		0.88699246
91.04460000		91.17657850		1.26525178		9		0.59555587		0.70084613		0.87436483
90.75976000		90.87946982		1.40899702		8		0.50993653		0.41666593		0.86149707
90.75976000		90.85228259		1.38180979		4		0.29692583		0.00088252		0.85145368
90.88522000		90.80033773		1.26847902		1		0.08977622		0.01070298		0.78964435
90.88522000		90.76924901		1.23739031		0		0.00649337		-0.01369322		0.78293392
90.54994000		90.55150327		1.24405127		-1		-0.04080491		0.15780147		0.77595508
90.54994000		90.53501103		1.22755904		0		0.03324576		0.14935979		0.76790679
90.13208000		90.13935798		1.23409831		0		0.04620513		-0.24749962		0.76910788
90.13208000		90.15372447		1.24846479		-3		-0.20023349		-0.22856812		0.76453846
90.57495000		90.57384660		1.24860034		0		-0.04536275		0.19401609		0.75592804
90.57495000		90.56703393		1.24178767		3		0.18981029		0.19532150		0.74774656
90.57591000		90.58750308		1.26225681		3		0.17570907		0.23298042		0.73055345
90.57591000		90.58802203		1.26277577		3		0.20528320		-0.13379412		0.72182407
90.69570000		90.66677106		1.23142590		0		0.05482351		-0.05926796		0.72605548
90.69570000		90.64046294		1.20511779		-1		-0.06131760		-0.07989245		0.72049846
90.54793000		90.53797064		1.19415025		-1		-0.11580885		-0.17362843		0.71161066
90.54793000		90.52721803		1.18339764		0		0.00728326		0.18372859		0.70483705
90.05629000		90.07222450		1.20301124		0		0.01222688		-0.23169652		0.66526438
90.05629000		90.08048379		1.21127053		-3		-0.05338642		-0.21955153		0.66138237
90.60476000		90.60651643		1.21343271		1		0.07588217		0.30816906		0.65141428
90.60476000		90.61967697		1.22659324		5		0.31307896		0.32997126		0.64277173
89.99213000		90.00840214		1.24614777		0		0.05610812		-0.27735730		0.63882701
89.99213000		89.99188527		1.22963091		-4		-0.27307346		-0.29068499		0.63565264
90.59878000		90.56523087		1.18899412		-3		-0.18067582		-0.05895577		0.62436425
90.59878000		90.57847168		1.20223493		0		-0.05990880		-0.04081714		0.61925270
90.34538000		90.39546154		1.25990946		-2		-0.14527861		-0.23027046		0.62569684
90.34538000		90.42243886		1.28688678		-3		-0.22055675		-0.19958691		0.62202424
89.95219000		89.94023151		1.27264354		-6		-0.39370693		-0.68855368		0.62884540
89.95219000		89.94850716		1.28091919		-11		-0.42812793		-0.68087363		0.62937475
90.77846000		90.82142095		1.32516393		0		-0.01170993		0.53552962		0.62101990
90.77846000		90.89394505		1.39768804		9		0.54658980		0.61865017		0.61043724
90.27042000		90.33086949		1.46535862		5		0.30423368		0.11283504		0.55319102
90.27042000		90.30311149		1.43760062		1		0.08984229		0.09117808		0.54712048
90.86464000		90.78016692		1.34615250		3		0.12758677		0.24997487		0.53020345
90.86464000		90.75068285		1.31666843		4		0.06553414		0.22734245		0.52333795
90.65977000		90.66895557		1.32661499		3		0.16542912		0.13735623		0.53159820
90.65977000		90.65739261		1.31505203		2		0.13628018		0.13184604		0.52556715
90.22252000		90.19691716		1.28019953		0		-0.04451864		-0.32436287		0.52154544
90.22252000		90.16937999		1.25266236		-4		-0.29694327		-0.35047964		0.51987767
90.34450000		90.33937484		1.24546754		-3		-0.19786834		0.15048933		0.50567628
90.27463000		90.27671514		1.27406491		0		0.05557891		0.08799845		0.50548132
90.27463000		90.33651872		1.33386849		2		0.14074046		0.15351596		0.49979230
90.27463000		90.34960500		1.34695478		2		0.08241687		0.17264764		0.49375945
90.39188000		90.37668149		1.32689226		3		0.18318218		0.19535728		0.48968983
90.39188000		90.35386676		1.30407753		3		0.19132046		0.17864151		0.48358689
90.53790000		90.33702637		1.28723713		3		0.18457226		0.17864879		0.46674269
90.53790000		90.31593748		1.26614824		2		0.17932468		0.16342729		0.46089748
90.57967000		90.55640257		1.23717151		4		0.12609927		0.40292430		0.45779638
90.57967000		90.52239147		1.20316040		6		0.05937445		0.40065135		0.42603927
90.20239000		90.17327687		1.17072708		4		0.25609731		0.06109832		0.41719480
90.20239000		90.14133708		1.13878729		2		0.12226499		0.03291619		0.41273094
90.67425000		90.61931245		1.08352876		2		0.12674891		0.21031682		0.40903924
90.67425000		90.57333524		1.03755155		3		0.18214245		0.17019813		0.40353016
90.21695000		90.21801442		1.03645987		1		0.10525455		0.11566965		0.39883293
90.21695000		90.21521326		1.03365871		1		0.02097160		0.11764258		0.39406672
90.56928000		90.54184775		1.00537003		5		0.30329812		0.45430715		0.38404871
90.56928000		90.52387884		0.98740112		7		0.44839812		0.44403174		0.37633739
90.43321000		90.42901976		0.98474777		6		0.41289335		0.34902339		0.36908378
90.43321000		90.36961085		0.92533887		6		0.36706986		0.29610703		0.36263679
89.80299000		89.71061609		0.83160648		1		0.08364452		-0.35983754		0.35957264
89.80299000		89.63069660		0.75168699		-3		-0.22525375		-0.72899792		0.35973012
89.36551000		89.59502520		0.71601559		-8		-0.53144990		-0.78316704		0.37818865
89.36551000		89.61295133		0.73394172		-11		-0.69147572		-0.76908554		0.38182708
90.01009000		90.07068533		0.79802698		-10		-0.63227954		-0.30395145		0.37460119
90.01009000		90.18311576		0.91045742		-6		-0.36389360		0.09257824		0.37248818
90.16677000		90.29067664		1.04394127		0		-0.02831285		0.21897859		0.35363443
90.16677000		90.37053081		1.12379544		3		0.18817732		0.30470476		0.34785468
89.49837000		89.48440489		1.10923385		0		-0.03356564		-0.59890479		0.36574157
90.67173000		90.67134713		1.07852403		-4		-0.17145973		0.87704738		0.35155430
90.67173000		90.65773096		1.06490786		2		0.12759187		0.87485390		0.34012684
90.48354000		90.48401733		1.08593736		11		0.71659302		0.71780511		0.32345868
90.48354000		90.52221758		1.12413761		11		0.65269097		0.20561008		0.31660013
90.48354000		90.47780696		1.07972698		6		0.37455729		0.16605068		0.31182546
90.07390000		89.95796415		0.95072564		0		-0.01849587		-0.36308928		0.32119047
90.07390000		89.87660735		0.86936883		-4		-0.12431869		-0.44534509		0.32202078
90.54987000		90.54633433		0.86336386		-1		-0.06555487		0.51746500		0.30093263
90.54987000		90.56998323		0.88701276		5		0.21006793		0.54884269		0.29320903
88.97575000		90.58846513		0.90549467		8		0.53420518		0.55335086		0.30718469
90.18023000		90.17885687		0.88442169		8		0.53351472		-0.12898500		0.30789007
90.18023000		90.10012077		0.80568559		4		0.26865376		-0.19105422		0.29120862
90.49179000		90.48664344		0.70978763		-1		0.09002013		0.20711090		0.27954571
90.49179000		90.43800161		0.66114580		0		-0.04953179		0.16265816		0.27534699
90.49179000		90.44177929		0.66492348		2		0.14480985		0.43845737		0.27063293
89.45606000		89.47555107		0.68748331		0		-0.02591877		-0.54946251		0.29236983
89.45606000		89.48132067		0.69325291		-5		-0.30883980		-0.54563725		0.29467075
89.28429000		89.26980803		0.67780466		-10		-0.62124235		-0.76267397		0.29985836
89.28429000		89.27909857		0.68709520		-12		-0.76932875		-1.02661571		0.30566918
90.10360000		90.18021721		0.77070453		-10		-0.13928767		-0.12530173		0.30549793
89.88127000		89.89502063		0.90955571		-5		-0.31178134		-0.39763410		0.29264655
89.93551000		89.95378529		1.13287458		0		-0.02163596		-0.06603283		0.28563788
90.19344000		90.19267466		1.11573217		0		-0.05328045		0.17602103		0.28247844
90.66159000		90.66162845		1.11610924		1		0.07711286		0.39535835		0.26626944
90.66159000		90.65730816		1.11178895		6		0.37612781		0.40388368		0.25343304
90.41241000		90.40344774		1.10204985		6		0.41350374		0.42340486		0.24741641
90.35956000		90.27821634		0.99190843		6		0.37518955		0.30628619		0.23932557
89.72158000		89.70439569		0.76702803		0		0.02172615		-0.25797608		0.23286288
89.72158000		89.67691560		0.73954795		-2		-0.12045139		-0.28589423		0.23329651
90.72150000		90.74633199		0.76569529		5		0.34130238		0.81546111		0.19976505
89.42371000		89.43087307		0.79124852		9		0.59571767		-0.52159382		0.22136198
90.01758000		90.08138094		0.67481166		-1		-0.06887894		0.42574827		0.19975705
90.01758000		90.15980021		0.75323093		3		0.23790859		0.51094085		0.19296149
88.82012000		90.15443576		0.74786648		8		0.50843624		0.49721086		0.20137786
90.52313000		90.48203839		0.70610009		9		0.48211702		0.57721243		0.18180802
90.10428000		90.04110780		0.57306278		7		0.45536510		0.13820576		0.17986785
89.47744000		89.38710231		0.36192125		5		0.32130841		0.32275555		0.17213574
89.14624000		89.12017330		0.25970766		3		0.08487993		0.06126786		0.16663437
89.92151000		89.89213507		0.18206818		0		-0.02002830		0.29503810		0.15105998
89.92151000		89.86484124		0.15477435		1		0.09743853		0.27166190		0.14701113
89.09089000		89.08683816		0.16730382		0		0.00981628		-0.21221238		0.14019588
89.10114000		89.10391645		0.13551336		5		0.32000486		-0.15857894		0.11897074
89.10114000		89.13260780		0.16420472		-4		-0.26557373		-0.41000400		0.11734754
89.22305000		89.16817745		0.10683013		-5		-0.35426024		-0.37592684		0.11865070
88.89133000		89.02878381		0.24989424		-9		-0.55381372		-0.49293551		0.11467538
89.63901000		89.63910636		0.54759816		2		0.08086814		0.15718246		0.09452557
89.63901000		89.64533407		0.55382586		3		0.18357250		0.16588039		0.09205567
89.70328000		89.67680049		0.50423045		3		0.18245166		0.21310074		0.07634967
89.98958000		89.97055241		0.42115180		4		0.28003952		0.51638080		0.07087020
89.98958000		89.95117604		0.40177542		7		0.44230546		0.50300672		0.06486369
89.39082000		89.34074241		0.34613607		1		0.10162306		-0.09399384		0.06943083
89.35860000		89.28622620		0.24528921		-1		-0.05447611		-0.15111879		0.07095040
89.35860000		89.24316618		0.20222919		-3		-0.20033403		-0.50873596		0.07308526
89.97791000		90.04247245		0.26902874		3		0.03146834		0.31999761		0.04819518
89.67516000		89.64192913		0.25091546		-6		-0.36645087		-0.08891386		0.06122225
89.93375000		90.02680752		0.41189504		0		0.05915425		0.30718779		0.04996038
89.93375000		90.08397107		0.46905859		5		0.35542926		0.71483432		0.04432032
89.38000000		89.34923285		0.43902327		0		0.05555781		-0.03125262		0.05572927
89.63664000		89.53007102		0.32102421		0		0.05286808		-0.18035523		0.05305752
89.25213000		89.25464954		0.35145144		0		-0.01065220		-0.43625507		0.04129973
89.25213000		89.26145030		0.35825221		-3		-0.23181285		-0.06619161		0.04470647
89.37961000		89.42352831		0.40274070		0		0.00688102		0.08864379		0.05194602
89.13149000		89.17578931		0.45156684		-7		-0.47464984		-0.50993723		0.05282143
89.56705000		89.58399062		0.54291338		3		0.08058554		-0.06870102		0.02568141
89.23210000		89.18036144		0.53306822		-500		nan		-0.06749620		0.01873531
89.71605000		89.70664389		0.46581830		-500		nan		0.48254402		0.00800289
89.27878000		89.37920714		0.82066611		5		0.32289058		-0.22231430		0.00721166
89.27878000		89.77586840		1.21732736		0		0.01325833		0.18612125		0.00645677
89.83746000		89.73453588		1.11287573		-500		nan		0.15098456		0.00023894
91.13115000		91.44832961		1.43896589		-500		nan		1.94510767		-0.06876276
89.31703000		90.23798277		2.48998753		8		0.33277645		0.72532045		-0.04372546
90.59792000		91.00750095		3.18678399		18		1.11914851		1.55334966		-0.07891643
93.55032000		94.35715316		4.35020042		51		3.08877273		5.01153352		-0.16789263
91.60455000		92.23451734		5.89448624		68		4.10161261		2.96292438		-0.20913648
96.40790000		96.76444021		7.00938598		79		1.87409494		7.72694164		-0.41196051
96.40790000		97.19689955		7.44184533		119		7.18864937		8.25497680		-0.50769432
97.17206000		97.43411268		7.67905845		141		8.50150539		8.74279048		-0.72321831
97.07269000		96.99733794		7.59552074		144		8.67852131		8.61296174		-0.99056932
96.10375000		95.73986494		7.12414211		127		7.67185298		7.04878623		-1.30876283
96.89185000		96.55129777		6.73691556		131		3.26334341		8.13008011		-1.57731063
94.40553000		94.13779867		6.31593207		115		6.93465458		5.71481744		-1.57688484
96.78698000		96.58798430		5.83135170		110		6.60100805		8.23222618		-1.64407239
92.72730000		92.71326741		5.50412915		132		7.74409627		4.36744442		-1.65414285
92.72730000		92.37656016		5.16742190		76		4.59829551		4.04959223		-1.67295972
