GNSS heading		dr_yaw_angle		yaw_rate_accum_tmp		steer_angle		str_moving_avg_result
266.24419000		266.24404453		-0.00014547		148		0.00000000
266.24419000		266.24455340		0.00036340		500		0.00000000
266.24419000		266.24388490		0.00078365		500		59221.98036496
266.24419000		266.23807961		-0.00502165		500		178.37925935
266.24419000		266.24305621		-0.01017886		500		178.37535354
266.24419000		266.23097633		-0.02225874		500		178.37343773
266.24419000		266.24395003		-0.03730309		500		17302.45652695
266.24419000		266.23321162		-0.04804151		500		178.36652545
266.24419000		266.24289956		-0.05999852		500		178.37010983
266.24419000		266.22732949		-0.07556859		500		178.36833045
266.24419000		266.24181773		-0.09089620		500		178.36553798
266.24419000		266.22617194		-0.10654200		500		178.36521706
266.24419000		266.24215250		-0.12116675		500		178.36368576
266.24419000		266.22985935		-0.13345989		500		178.36506160
266.24419000		266.24188650		-0.14744036		500		178.36755022
266.24419000		266.22698659		-0.16234027		500		178.36640013
266.24419000		266.24120384		-0.17677849		500		268798.08936180
266.24419000		266.22530500		-0.19267733		500		315349.72451421
266.24419000		266.24125188		-0.21077672		500		178.36344136
266.24419000		266.22330166		-0.22872693		500		178.36342800
266.24419000		266.23956010		-0.24910125		500		178.36230597
266.24419000		266.22072966		-0.26793169		500		178.36147254
266.24419000		266.24321614		-0.28361410		500		92929.50610429
266.24419000		266.25116601		-0.27566423		500		178.36685791
266.24419000		266.24415836		-0.27318258		500		178.38562039
266.24419000		266.23880690		-0.27853405		500		178.38337001
266.24419000		266.24502134		-0.27424684		500		178.37634450
266.24419000		266.24291605		-0.27635213		500		122900.89814427
266.24419000		266.24160308		-0.27766510		500		38887.15802793
266.24419000		266.24512964		-0.27413854		500		178.37833530
266.24419000		266.24282179		-0.27791169		500		178.37996791
266.24419000		266.24459222		-0.27614126		500		110416.91039159
266.24419000		266.24392725		-0.27511771		500		178.38052449
266.24419000		266.24382857		-0.27521639		500		178.38019196
266.24419000		266.24476525		-0.27219665		500		178.37995591
266.24419000		266.24335863		-0.27360326		500		178.38049497
266.24419000		266.24466746		-0.27353304		500		178.37967035
266.24419000		266.24630239		-0.27189810		500		178.38032172
266.24419000		266.24341202		-0.27330741		500		178.38149443
266.24419000		266.24435844		-0.27236099		500		178.38030865
266.24419000		266.24395571		-0.27079208		500		178.38019373
266.24419000		266.24406300		-0.27068479		500		178.38055404
266.24419000		266.24347973		-0.27126806		500		178.37988461
266.24419000		266.24346123		-0.27128657		500		178.37984038
266.24419000		266.24424638		-0.27050157		500		178.38012269
266.24419000		266.24402126		-0.27072670		500		178.40849378
266.24419000		266.24403594		-0.27089798		500		178.42385915
266.24419000		266.24428964		-0.27064428		500		178.39956625
266.24419000		266.24436424		-0.27098863		500		178.37984379
266.24419000		266.24410668		-0.27124620		500		178.38017942
266.24419000		266.24530593		-0.27041171		500		247770.01991832
266.24419000		266.24422958		-0.27148806		500		178.38027931
266.24419000		266.24427300		-0.27081233		500		178.38035978
266.24419000		266.24571784		-0.26936749		500		178.38051923
266.24419000		266.24476078		-0.26880988		500		178.38102193
266.24419000		266.24695272		-0.26661794		500		178.38129865
266.24419000		266.24421813		-0.26695493		500		178.38205520
266.24419000		266.24267837		-0.26849468		500		310918.15073044
266.24419000		266.24377782		-0.26910241		500		178.37918538
266.24419000		266.24152833		-0.27135190		500		164465.46415023
266.24419000		266.24413785		-0.27129138		500		178.37837396
266.24419000		266.24464193		-0.27078730		500		227076.18540213
266.24419000		266.24378554		-0.27170103		500		178.38023676
266.24419000		266.24359060		-0.27189597		500		178.38001435
266.24419000		266.24398405		-0.27235074		500		178.37981653
266.24419000		266.24390190		-0.27243289		500		178.37992779
266.24419000		266.24385032		-0.27199676		500		178.38025317
266.24419000		266.24253702		-0.27331006		500		178.37977730
266.24419000		266.24390431		-0.27313986		500		77059.87306875
266.24419000		266.24426020		-0.27278397		500		39243.16922957
266.24419000		266.24404115		-0.27305514		500		185158.20985108
266.24419000		266.24416921		-0.27292708		500		21227.29941648
266.24419000		266.24374026		-0.27458802		500		178.37985171
266.24419000		266.23734937		-0.28097891		500		76168.15908734
266.24419000		266.23419348		-0.31867944		500		178.37080770
266.24419000		266.11845372		-0.43441920		500		178.34216493
266.24419000		265.87921251		-0.67366041		500		178.22902131
266.24419000		265.88140425		-1.03824387		500		178.17857484
83.03054000		82.91713568		-1.53003929		500		157.90580719
83.03054000		82.27225537		-2.17491960		500		114339.22316053
79.83099000		81.48409808		-2.96307689		-100		-6.03252342
79.83099000		80.57204495		-3.87513002		-116		-7.00390758
78.42617000		78.37569760		-4.87355105		-134		-186.02075171
78.42617000		77.36527467		-5.88397398		-163		-9.79330129
75.32694000		75.09294173		-6.87255042		-193		-11.60680940
75.32694000		74.10931066		-7.85618149		-222		-13.35371008
75.29770000		75.23901651		-8.82014587		-247		-14.85182055
75.29770000		74.32236663		-9.73679575		-246		-14.76972746
75.90027000		75.69901165		-10.62511630		-243		-14.60777338
75.90027000		74.85262525		-11.47150271		-240		-14.40591489
70.32446000		70.15248068		-12.26253156		-249		-14.97569666
70.32446000		69.40910483		-13.00590741		-299		-17.98501135
71.82335000		71.64486724		-13.69213454		-331		-19.87625344
71.82335000		71.04357135		-14.29343044		-320		-19.22625448
69.80535000		70.52020823		-14.81679355		-312		-18.73868234
69.80535000		70.06636914		-15.27063264		-322		-10709.95594082
68.64931000		68.57658351		-15.63984141		-334		-20.06379263
68.64931000		68.27874821		-15.93767671		-353		-21.20296597
68.62244000		68.54766413		-16.17067146		-365		-22251.37291080
68.62244000		68.38971051		-16.32862508		-367		-22.05828244
69.17953000		69.16041797		-16.41166083		-367		-22.02778046
69.17953000		69.14406781		-16.42801100		-362		-21.76783001
68.81247000		68.82306036		-16.36843114		-361		-32678.08454038
68.81247000		68.95235111		-16.23914038		-365		-21.93701221
69.87885000		69.91427723		-16.04732432		-366		-21.99608612
69.87885000		70.17014087		-15.79146067		-358		-21.50191514
69.37528000		69.47567133		-15.48574595		-353		-21.23948934
69.37528000		69.83063141		-15.13078587		-359		-8140.69289742
71.01636000		71.12312786		-14.70945559		-360		-21.61776260
71.01636000		71.60236372		-14.23021973		-347		-20.86125010
71.01636000		72.12727294		-13.70531052		-336		-20.19705864
71.51456000		72.04023950		-13.13205888		-334		-20.07943208
73.49749000		73.68258388		-12.51266595		-329		-19.75882021
73.49749000		74.34221250		-11.85303733		-311		-6883.25392151
75.37267000		75.54499159		-11.15362552		-295		-17.75065223
75.37267000		76.26806236		-10.43055474		-281		-16.91651705
79.26096000		79.45154426		-9.76821956		-261		-15.70246089
79.26096000		80.04833063		-9.17143319		-227		-13.62873131
80.20641000		80.34749917		-8.59246760		-206		-12.38371858
80.20641000		80.86786316		-8.07210361		-201		-12.07771482
79.05026000		79.17273806		-7.63151706		-199		-11.98780460
79.05026000		79.57477989		-7.22947524		-208		-12.50303166
80.67938000		80.77636903		-6.83528229		-216		-13.00522659
80.67938000		81.17013061		-6.44152070		-209		-12.57107375
80.10654000		80.24118367		-6.04023169		-201		-15483.55344361
80.10654000		80.64227665		-5.63913871		-206		-10528.55948533
84.98705000		85.07165331		-5.28026459		-200		-12.03722108
84.98705000		85.41657305		-4.93534484		-168		-10.08819012
83.87447000		84.02581806		-4.56271110		-138		-14670.99460917
83.87447000		84.35845387		-4.23007201		-141		-13863.06563551
83.55639000		84.61200339		-3.97652577		-146		-13228.16626475
83.55639000		84.83883878		-3.74969038		-144		-8.64787031
88.41397000		88.52563934		-3.50415546		-130		-7.83029677
88.41397000		88.76700258		-3.26279222		-103		-6.21176032
80.75699000		80.84486126		-3.04358689		-101		-6.07485493
80.75699000		81.03464669		-2.85380146		-147		-8.85697977
86.79496000		86.82966643		-2.71169354		-187		-22096.56693522
86.79496000		86.99036794		-2.55099203		-151		-9.11762510
85.18852000		85.32231030		-2.32392532		-120		-10496.73748622
85.18852000		85.56437373		-2.08186188		-122		-7.36060456
85.86610000		85.95312111		-1.89274725		-130		-6475.05167939
85.86610000		86.11886817		-1.72700020		-126		-7.60784894
91.10990000		91.17264010		-1.53431734		-112		-6.76042179
91.10990000		91.37378071		-1.33317447		-78		-4.69648809
80.60877000		80.68158137		-1.15405312		-73		-4.42427727
80.60877000		80.82944834		-1.00618614		-125		-1758.70670335
91.03613000		91.07302607		-0.89282035		-173		-1602.65236342
91.03613000		91.19687735		-0.76896907		-108		-10415.37092841
87.35945000		87.45844894		-0.59063093		-58		-3.52626133
87.35945000		87.64845198		-0.40062788		-75		-4.55768520
85.08946000		85.14936886		-0.26621544		-108		-5487.15141333
85.08946000		85.24604819		-0.16953612		-121		-7.30895868
88.07700000		88.15462592		-0.04814186		-128		-15128.84629216
88.07700000		88.31683373		0.11406429		-109		-6.58534527
84.28841000		84.34384849		0.26907374		-101		-6.10037383
84.28841000		84.48005650		0.40528175		-125		-8860.64851180
89.33576000		84.59549215		0.52071740		-142		-8.56250893
89.33576000		84.72242121		0.64764647		-127		-8431.88817387
88.42731000		88.51865549		0.80939240		-96		-10872.50201161
88.42731000		88.68390201		0.97463892		-91		-5.51352466
89.82519000		89.88523739		1.09694922		-84		-5.04020082
89.82519000		89.98757892		1.19929076		-79		-4.76717282
86.39448000		86.44894493		1.31432945		-69		-2683.48387619
86.39448000		86.55076890		1.41615342		-67		-4.02075339
89.36961000		89.40181383		1.50049219		-58		-3.48516850
89.36961000		89.48937724		1.58805559		-40		-2.42991862
90.03128000		90.07359926		1.67787079		-27		-1.64981551
90.03128000		90.13955091		1.74382244		-30		-1.80495785
90.08400000		90.10884369		1.78750445		-35		-2.15709103
90.08400000		90.15393183		1.83259259		-31		-1.89149274
91.67760000		91.70262939		1.87860087		-24		-1.46574575
91.67760000		91.74936420		1.92533569		-14		-0.87524255
88.19119000		88.21369800		1.97305053		-17		-719.76984990
88.19119000		88.24934666		2.00869919		-41		-2.49425436
87.09906000		87.10758799		2.02577488		-65		-3.92152093
87.09906000		87.15247244		2.07065933		-65		-4400.27147076
90.58523000		90.63648812		2.17723779		-56		-3.36858563
90.58523000		90.76223392		2.30298360		-26		-2875.91490229
88.88723000		88.94765965		2.41488600		-10		-0.65206662
88.88723000		89.03031627		2.49754262		-21		-21.36452362
91.83659000		91.85296826		2.53461371		-20		-1.20710705
91.83659000		91.87175801		2.55340346		-1		-0.09288310
91.92600000		91.95618357		2.60732726		17		1.06708323
91.92600000		91.99800204		2.64914573		21		1.28838636
88.96070000		88.93961738		2.61309577		12		0.76438578
88.96070000		88.89164208		2.56512048		-7		-0.47907883
90.26394000		90.24923117		2.53570563		-24		-2013.54739133
90.26394000		90.23611278		2.52258723		-18		-1.09457251
89.19258000		89.21925702		2.55522704		-14		-0.86869990
89.19258000		89.28360554		2.61957555		-24		-1.49313389
89.56651000		89.57686798		2.64617357		-26		-1.59842375
89.56651000		89.60077443		2.67008002		-24		-2232.82000051
89.21482000		89.26041086		2.74411557		-23		-1.41319385
89.21482000		89.33910322		2.82280793		-26		-1.57487036
91.55652000		91.56988044		2.86657709		-23		-2244.11768390
91.55652000		91.62081452		2.91751116		-7		-249.39335041
90.92575000		90.97031799		2.99547925		5		0.33275761
90.92575000		91.01825986		3.04342112		2		0.13390569
90.16134000		90.15514029		3.03883151		-1		-41.77051272
90.16134000		90.14407305		3.02776427		-6		-532.53833731
89.08135000		89.08560611		3.03265198		-15		-0.95024604
89.08135000		89.09005802		3.03710389		-23		-1.41100005
90.10124000		90.12310578		3.06864988		-20		-1.25515320
90.10124000		90.19575692		3.14130102		-6		-0.41270609
90.27534000		90.31406763		3.21214638		1		0.09865369
90.27534000		90.34332902		3.24140777		3		0.20909096
92.29595000		90.34740117		3.24547992		4		372.08258381
92.29595000		90.34509287		3.24317162		3		0.23467489
91.98758000		91.97781375		3.23266962		12		0.72002506
91.98758000		91.95691202		3.21176789		25		1.52722809
89.84848000		89.83815238		3.19670879		22		1.32170260
89.84848000		89.78354671		3.14210311		6		0.36175520
91.04053000		89.67254734		3.03110374		-9		-0.54074272
91.04053000		89.61211694		2.97067335		-14		-0.86893013
87.88158000		87.91586201		3.00892251		-24		-1.44650211
87.88158000		87.97329753		3.06635803		-36		-2.17787285
91.28954000		91.31720030		3.11467943		-27		-1.64524384
91.28954000		91.43563694		3.23311607		0		-0.03208662
90.14122000		90.24815301		3.39079473		16		1707.67487528
90.14122000		90.29436730		3.43700902		9		0.57170224
90.85309000		90.78933737		3.36364788		6		472.88473735
90.85309000		90.72905181		3.30336232		6		102.55710919
91.57530000		91.57618957		3.30084362		10		0.60669428
91.57530000		91.55363439		3.27828844		16		0.96540677
89.23383000		89.20867323		3.23796199		13		0.83279040
89.23383000		89.16550837		3.19479713		3		0.18790062
90.71992000		90.67118565		3.12079863		-3		-391.93500808
90.71992000		90.61931215		3.06892513		4		0.28718991
90.50888000		90.53796508		3.09942452		11		0.68535435
90.50888000		90.55419525		3.11565468		7		0.43812707
90.46854000		90.42104598		3.06134272		3		0.22796217
90.46854000		90.36277177		3.00306851		3		0.19762666
91.28689000		90.35738000		2.99767674		2		199.91849866
91.28689000		90.36272173		3.00301847		2		0.17900549
90.08143000		90.06497813		2.98532782		1		0.06256164
90.08143000		90.05936360		2.97971329		0		-0.05244186
90.20118000		90.20242637		2.98177705		0		-0.04271234
90.20118000		90.20020287		2.97955356		0		0.02254926
89.94156000		89.94813415		2.98640567		0		-0.02658710
89.94156000		89.95461228		2.99288380		-3		-0.19252826
90.10911000		90.10173097		2.98496868		-7		-0.42087409
90.10911000		90.09799677		2.98123448		-9		-0.57482653
89.80344000		89.83665607		3.01814410		-10		-0.65402755
89.80344000		89.89666104		3.07814907		-12		-0.74712035
90.71217000		90.74814175		3.12461428		-6		-841.47086349
90.71217000		90.80945351		3.18592604		1		-117.55536373
91.34192000		91.37732128		3.24131828		7		0.43155206
91.34192000		91.37221865		3.23621565		12		0.72455816
90.62421000		90.59580399		3.20433798		9		0.54359337
90.62421000		90.54109786		3.14963185		3		0.20625601
89.90531000		89.84661927		3.07936421		-3		59.86027168
89.90531000		89.81665108		3.04939602		-9		-0.56319610
90.16150000		90.18628517		3.07645043		-8		-0.52885602
90.16150000		90.22851856		3.11868337		-6		-0.37277847
90.73614000		90.77111281		3.16183570		-4		-57.85447813
90.73614000		90.81778151		3.20850440		-2		-0.17419904
91.91367000		91.92827693		3.23394334		4		0.25166975
91.91367000		91.93049183		3.23615813		14		876.96757583
90.91521000		90.92271744		3.24409827		10		0.62994739
90.91521000		90.87814871		3.19952953		2		0.14380247
90.27433000		90.18141397		3.09948984		-3		42.83037097
90.27433000		90.14727578		3.06535165		-8		-0.52906920
90.14743000		90.17557016		3.09646385		-6		-0.39719824
90.14743000		90.21604612		3.13693981		-3		-0.19963741
90.19261000		90.22802062		3.18680114		-2		-0.16356085
90.19261000		90.25819177		3.21697229		-2		-90.73340479
91.37753000		91.36821068		3.20778521		4		0.28963488
91.37753000		91.37734898		3.21692351		13		0.80279132
90.35415000		90.35944659		3.22574351		11		0.70274888
90.35415000		90.27539584		3.14169277		3		0.23567292
90.07222000		89.97358022		3.02886619		-1		-0.08439489
90.07222000		89.94626554		3.00155151		-4		-0.24483066
90.29184000		90.31615954		3.02853108		-2		-0.15525550
90.29184000		90.33105219		3.04342373		0		-36.67183507
90.04864000		90.07089216		3.06820954		0		-0.03362301
90.04864000		90.09374181		3.09105919		-2		-0.14317898
91.38277000		91.37771495		3.08661234		6		0.39219326
91.38277000		91.37761044		3.08650783		18		1.08215444
89.91252000		89.90980359		3.08537084		7		0.46694239
89.91252000		89.82909756		3.00466480		-8		-0.50757850
90.67065000		90.58046303		2.90241614		-6		-0.37921421
90.67065000		90.59525406		2.91720717		0		-0.03833509
90.35741000		90.68428719		3.00624030		2		0.16608108
90.35741000		90.69760636		3.01955947		6		0.41629057
90.16736000		90.14537132		2.99287201		5		0.31380205
90.16736000		90.12026911		2.96776980		0		0.03328146
90.84500000		90.80697423		2.92143042		4		0.25215881
90.69743000		90.69728544		2.88582760		9		0.59574746
90.69743000		90.70490101		2.89344317		10		0.60490192
90.69743000		90.66167286		2.85021502		7		0.47450507
90.46783000		90.37982093		2.75562873		2		0.14987835
90.46783000		90.31024960		2.68605740		-1		-0.11643997
89.77810000		89.75996420		2.66478646		-7		-0.42996414
89.77810000		89.76501524		2.66983750		-10		-0.63970363
90.17758000		90.21658754		2.71701549		-4		-0.28274679
90.17758000		90.29565147		2.79607942		1		0.10159712
89.75040000		89.81982438		2.86617377		-1		-0.09983771
89.75040000		89.82604798		2.87239737		-5		-0.30009821
90.45630000		89.81621214		2.86256154		-4		-0.28159620
90.45630000		89.85106603		2.89741543		-4		-0.28108380
90.22352000		90.26573686		2.94165837		-3		-191.05323469
90.30023000		90.30044599		2.97826587		-2		-0.17666386
90.30023000		90.34934402		3.02716390		-2		-0.12740035
90.30023000		90.38644254		3.06426242		-1		-0.08253274
90.19991000		90.20837194		3.07513955		-2		-0.13269729
90.19991000		90.20862165		3.07538926		-3		-189.97452303
90.58846000		90.59087603		3.07724521		0		-168.96135203
90.58846000		90.61226313		3.09863231		6		0.36589764
90.79013000		90.81269737		3.12411745		10		0.61527143
90.79013000		90.79468386		3.10610393		12		1248.32523207
90.52093000		90.43573358		3.01707447		8		0.49979672
90.52093000		90.33901398		2.92035487		2		0.17627204
90.71970000		90.63764033		2.83176796		2		0.15940189
89.91231000		89.91228089		2.78915744		4		0.27415043
89.91231000		89.91888764		2.79576419		-1		-0.11023241
89.91231000		89.90723435		2.78411090		-7		-437.34410327
89.76354000		89.74024400		2.75538847		-8		-0.49236662
90.65068000		90.65319061		2.78592868		-6		-0.39847632
90.65068000		90.74484987		2.87758794		3		329.98800975
89.83482000		89.83514034		2.93282451		11		734.73965480
89.83482000		89.83742892		2.93511309		4		0.26932479
89.83482000		89.76111182		2.85879599		-3		-0.21972417
90.64678000		90.56967956		2.76670409		2		0.16480612
90.64678000		90.57875958		2.77578411		8		-6.13424927
89.56395000		89.59798349		2.81054534		0		0.05805146
89.56395000		89.55831068		2.77087253		-7		-0.43546647
90.22545000		90.17923038		2.71602903		-2		-0.15988463
90.19503000		90.19945341		2.76189578		1		0.10774148
90.19503000		90.26667655		2.82911891		0		36.84928440
89.80862000		89.80662692		2.81191348		0		-0.05194790
89.80862000		89.79007147		2.79535804		-3		-0.23265141
90.57221000		90.57274989		2.80547383		-4		-0.25509116
90.57221000		90.58897272		2.82169666		4		0.25812200
90.04933000		90.04960989		2.85801953		10		0.60851140
90.04933000		90.06631118		2.87472082		5		0.34088399
90.04933000		89.98091528		2.78932492		1		0.07203793
90.32929000		90.24028906		2.69336664		2		0.17698854
89.44467000		89.44619193		2.67176157		3		0.22009244
89.44467000		89.44658680		2.67215645		-4		-0.28844601
90.37026000		90.36776803		2.65523934		-13		-0.78240289
90.37026000		90.37072150		2.65819281		-5		-0.31018864
90.36158000		90.37535391		2.77590535		3		0.18960376
90.36158000		90.50026358		2.90081501		6		0.41127344
90.36158000		90.48562944		2.88618088		8		0.52256261
89.51779000		89.41081488		2.77769613		0		0.01286783
89.51779000		89.33325100		2.70013225		-7		-0.43548104
90.33395000		90.30628287		2.66734715		1		0.08580762
89.86013000		89.86605932		2.71807329		10		0.61998618
89.86013000		89.90886873		2.76088269		4		0.29075453
90.24676000		90.23800309		2.69660440		-2		-0.16270482
90.24676000		90.15355256		2.61215388		-2		-0.14502358
90.31418000		90.31971642		2.62989850		0		-0.03618745
90.31418000		90.37633681		2.68651889		3		0.21997027
89.09100000		89.09071347		2.69324995		7		813.76505302
89.09100000		89.05276338		2.65529986		-4		-0.26057540
89.79630000		89.79345110		2.58047933		-14		-0.89108046
89.79630000		89.76636578		2.55339402		-10		-0.62727777
89.88672000		89.89899731		2.66793534		-6		-0.40651387
89.88672000		90.05846506		2.82740308		-5		-0.30375241
90.38876000		90.39476818		2.91337714		-2		-0.12322078
90.38876000		90.42910332		2.94771228		3		0.23685993
89.95254000		89.95308956		2.97684279		8		0.50207744
89.95254000		89.93785480		2.96160803		4		0.27771235
90.06739000		90.06541152		2.88558504		0		-0.03682884
90.06739000		89.98481889		2.80499289		-2		-0.15189734
90.55538000		90.57207392		2.82447099		-1		-0.06706645
90.55538000		90.62356452		2.87596159		9		0.54429417
89.65253000		89.65412174		2.87828775		0		-0.03773075
90.15899000		90.08242610		2.75847614		0		-0.05981833
90.33795000		90.35174013		2.78179976		0		-0.01307924
90.33795000		90.38705087		2.81711050		3		0.18780139
90.42722000		90.41622005		2.77982049		5		0.30654471
90.42722000		90.36787873		2.73147918		8		955.02516960
89.97469000		89.90344980		2.64938756		3		0.23866270
89.66958000		89.60904105		2.50577465		-1		-0.06195486
89.66958000		89.58506679		2.48180038		-4		-0.25501404
90.61816000		90.66126158		2.52891323		7		0.47348812
89.31985000		89.31632329		2.55450932		2		0.12251660
89.72831000		89.60545850		2.33941477		-4		-0.26289707
89.92359000		89.75751357		2.49146984		-1		-0.06331581
89.02491000		89.02213864		2.51026878		0		-0.01680453
90.07292000		90.07245411		2.50511602		-8		-0.52577074
90.07292000		90.10538459		2.53804649		2		0.12003637
89.48096000		89.41830973		2.58539841		4		0.26921619
90.28575000		90.22227745		2.46785630		17		1.02851247
90.27375000		90.05337003		2.22877479		12		0.72043848
90.11724000		90.02850393		2.05186047		11		0.69913324
88.67809000		88.77561740		1.87697010		-7		-0.47290540
90.94737000		91.01047632		2.95259316		-500		nan
89.07806000		89.06410610		3.42538426		-500		nan
92.21567000		92.20686217		2.94697194		-7		-35.62571805
89.41121000		89.38731317		2.76084410		42		2.55004386
89.79636000		89.81106211		2.16029949		11		1262.15055027
87.80663000		89.71949711		2.06873450		10		0.60526687
90.89291000		90.88810411		1.97343528		12		0.74028899
88.49475000		88.48661034		1.85335312		24		1.49659957
89.43111000		89.38619173		1.62317319		-11		-0.66057472
88.47054000		88.45784148		1.65280191		-15		-0.95867516
88.47054000		88.49838012		1.69334054		-16		-1.00957739
89.88024000		89.89580740		1.82233536		-14		-0.89837505
89.88024000		90.00519906		1.93172702		6		0.36852330
88.56156000		88.64996878		2.02361857		-14		-0.87765505
