GNSS heading		dr_yaw_angle		yaw_rate_accum_tmp		steer_angle		str_moving_avg_result		stanley_steering_angle		psi		atan_tmp		s		x_error
265.06166000		265.06166685		0.00000685		121		7.30881085		178.26368272		-175.06166528		-3.20201744		6.77734009		0.55944000
265.06166000		265.06309708		0.00138461		500		97.59945181		178.26511096		-175.06309351		-3.20201744		6.77734009		0.55944000
265.06166000		265.06443415		0.00272168		500		178.26505952		178.26644923		-175.06443178		-3.20201744		6.77734009		0.55944000
265.06166000		265.05740763		-0.00431474		500		178.26490215		178.25942836		-175.05741091		-3.20201744		6.76637838		0.55944000
265.06166000		265.04888331		-0.01283907		500		119.88091762		178.25090175		-175.04888430		-3.20201744		6.76637838		0.55944000
265.06166000		265.05429802		-0.02677640		500		178.25413855		178.25632162		-175.05430418		-3.20201744		6.77734009		0.55944000
265.06166000		265.04060494		-0.04046948		500		178.25237310		178.24262960		-175.04061216		-3.20201744		6.77734009		0.55944000
265.06166000		265.05794220		-0.05352713		500		178.24661478		178.25997127		-175.05795383		-3.20201744		6.77734009		0.55944000
265.06166000		265.04512633		-0.06634301		500		178.25278010		178.24714746		-175.04513002		-3.20201744		6.77734009		0.55944000
265.06166000		265.05686429		-0.08105760		500		92.77825786		178.25888162		-175.05686418		-3.20201744		6.77734009		0.55944000
265.06166000		265.03918988		-0.09873202		500		178.25179581		178.24121255		-175.03919510		-3.20201744		6.77734009		0.55944000
265.06166000		265.05254173		-0.11547285		500		178.24723768		178.25457205		-175.05255460		-3.20201744		6.77734009		0.55944000
265.06166000		265.03838531		-0.12962926		500		178.25048948		178.24040846		-175.03839102		-3.20201744		6.77734009		0.55944000
265.06166000		265.05343831		-0.14460869		500		178.24649739		178.25545541		-175.05343796		-3.20201744		6.77734009		0.55944000
265.06166000		265.02692093		-0.17112607		500		178.24865762		178.22896889		-175.02695145		-3.20201744		6.77734009		0.55944000
265.06166000		264.94229368		-0.25575332		500		178.20973071		178.14434725		-174.94232981		-3.20201744		6.76637838		0.55944000
265.06166000		264.78060454		-0.41744246		500		23.69953121		177.98263907		-174.78062163		-3.20201744		6.76637838		0.55944000
265.06166000		264.94886967		-0.63376356		500		155.24684021		178.15093148		-174.94891403		-3.20201744		6.76637838		0.55944000
265.06166000		264.61489096		-0.96774227		500		178.05767074		177.81701172		-174.61499428		-3.20201744		6.76637838		0.55944000
84.88732000		84.72129509		-1.45638189		500		141.71940533		-2.65507162		5.27857648		-2.62350486		6.67010168		0.54984989
84.88732000		84.10956328		-2.06811369		500		38.23155711		-3.27841270		5.89031095		-2.61189824		6.64502844		0.54741393
84.94126000		84.57287116		-2.80999108		-52		-0.21286345		-3.21836583		5.42534113		-2.20697529		6.54407128		0.53953265
84.94126000		83.67359244		-3.70926980		-57		-3.46249330		-4.14008914		6.32588815		-2.18579901		6.49337944		0.53435070
72.07312000		71.49520847		-4.65816568		-133		-7.99878953		-16.43719263		18.50448830		-2.06729567		6.38180682		0.50535493
72.07312000		70.57910246		-5.57427170		-242		-14.56030872		-17.39636671		19.39957729		-2.00321058		6.33402487		0.48967621
74.03208000		69.66165602		-6.49171813		-292		-17.56378163		-18.66495733		20.33722145		-1.67226411		6.19893562		0.46711687
74.03208000		68.74146209		-7.41191206		-311		-18.66768806		-19.68135526		21.25818563		-1.57683037		6.12692725		0.44044530
76.64245000		76.22234526		-8.30058122		-291		-17.49664574		-12.21746058		13.77764668		1.55941293		5.97616241		0.43557779
76.64245000		75.37028364		-9.15264284		-225		-13.53339287		-13.13602589		14.62920052		-1.49317463		5.90189569		0.41706743
74.76325000		74.47228610		-9.96775009		-220		-13.25049959		-14.12245509		15.52730885		-1.40485377		5.74035649		0.39238781
74.76325000		73.70327576		-10.73676043		-237		-14.26969860		-15.12889538		16.29610111		-1.16720574		5.64899751		0.36673922
70.41842000		70.07412710		-11.45117204		-265		-15.95646727		-18.87612984		19.92541335		-1.04928352		5.55188793		0.32967899
70.41842000		69.42746291		-12.09783623		-304		-18.26403892		-19.63236654		20.57227875		-0.93991222		5.45692499		0.29530862
68.09749000		67.81744695		-12.67723601		-331		-19.90475553		-21.33723356		22.18214067		-0.84490711		5.18568463		0.26545463
68.09749000		67.31884227		-13.17584069		-352		-21.13688514		-21.95730062		22.68082033		-0.72351971		5.09158024		0.22731250
68.02223000		67.83435998		-13.58781866		-362		-21.74787844		-21.54468517		22.16555878		-0.62087361		4.90939130		0.19506083
68.02223000		67.48223771		-13.93994092		-362		-21.73165414		-21.93635556		22.51760327		-0.58124772		4.82852968		0.16232055
67.84196000		67.68140749		-14.23744779		-363		-21.80967455		-21.83595285		22.31848100		-0.48252815		4.65933438		0.13475046
67.84196000		67.46327629		-14.45557898		-365		-21.92951714		-22.15706518		22.53658733		-0.37952215		4.58892487		0.10598413
72.28238000		72.20185375		-14.60878657		-343		-20.58772026		-17.49427015		17.79793481		-0.30366465		4.40461179		0.08479996
72.28238000		72.09149726		-14.71914306		-299		-11.25253627		-17.68735649		17.90848773		-0.22113124		4.33268881		0.06175180
67.45479000		67.43107109		-14.77274903		-319		-19.14438076		-22.53263681		22.56891595		-0.03627913		4.16227093		0.01013105
67.45479000		67.43893718		-14.76488293		-360		-21.63780002		-22.62777312		22.56107512		0.06669801		4.09311465		0.01862561
68.92788000		68.96978983		-14.70558651		-368		-22.11563335		-21.18403312		21.03021711		0.15381601		3.92885652		0.04295363
68.92788000		69.07685497		-14.59852137		-354		-14.88359426		-21.17327709		20.92316833		0.25010875		3.85913955		0.06984398
67.41590000		67.48951108		-14.44129178		-359		-21.59273368		-22.84016591		22.51059810		0.32956780		3.73397738		0.09203371
67.41590000		67.69707443		-14.23372842		-374		-22.47951030		-22.73630084		22.30303759		0.43326325		3.66463358		0.12099223
70.37343000		67.94602730		-13.98477556		-378		-22.71997370		-22.59175810		22.05472754		0.53703056		3.50830685		0.14997161
70.37343000		68.24285165		-13.68795121		-376		-13.39851782		-22.39430635		21.75719876		0.63710758		3.43900353		0.17792133
73.02458000		73.22306387		-13.35242505		-346		-20.78601830		-17.42602564		16.77708971		0.64893593		3.29686416		0.18122484
73.02458000		73.60417931		-12.97130960		-302		-18.13970460		-17.20812959		16.39593200		0.81219759		3.24015560		0.19847060
73.44723000		74.02821055		-12.54727837		-286		-17.17390634		-16.87772372		15.97231816		0.90540556		3.11485766		0.22125073
73.44723000		74.49663178		-12.07885714		-280		-16.81193077		-16.46725045		15.50593833		0.96131212		3.06755067		0.23491490
73.85161000		74.11360914		-11.58012171		-277		-16.67536650		-16.93368864		15.88683163		1.04685701		2.92343425		0.25582389
73.85161000		74.62721802		-11.06651283		-278		-2.01377247		-16.47570607		15.37359569		1.10211038		2.87661598		0.26932958
73.18908000		73.43704835		-10.57534620		-282		-16.92236340		-17.71935098		16.56295857		1.15639240		2.75147360		0.28259834
73.18908000		73.92305656		-10.08933800		-289		-17.38129952		-17.29150025		16.07696646		1.21453379		2.70476554		0.29681104
78.93393000		79.20218942		-9.59915960		-263		-15.83285240		-12.05673796		10.80014111		1.25659685		2.56611700		0.30709377
78.93393000		79.68966299		-9.11168602		-209		-12.59035229		-11.60446989		10.31034950		1.29412039		2.51843521		0.31626704
79.64318000		79.83934445		-8.63193249		-193		-11.63550231		-11.52048551		10.16089638		1.35958914		2.40120572		0.33227266
79.64318000		80.27534485		-8.19593208		-190		-11.41363874		-11.11981915		9.72487059		1.39494856		2.35365179		0.34091759
78.17060000		78.39058550		-7.80065978		-196		-11.81415359		-13.05021059		11.60955402		1.44065657		2.22304612		0.35209301
78.17060000		78.74301082		-7.44823445		-212		-12.72232155		-12.74220766		11.26111815		1.48108951		2.17673589		0.36197906
77.31901000		79.05730439		-7.13394088		-212		-12.73163119		-12.49380269		10.94301484		1.55078785		2.06218101		0.37902151
77.31901000		79.38670666		-6.80453861		-207		-0.07613643		-12.20253480		10.61332218		1.58921262		2.01560082		0.38841751
76.87115000		77.05315847		-6.44752411		-215		-12.95130542		-14.60541163		12.94709402		1.65831761		1.90153351		0.40531661
76.87115000		77.38363264		-6.11704995		-235		-14.10664786		-14.32009960		12.61655688		1.70354272		1.85653536		0.41637671
85.22119000		85.33815037		-5.80284473		-211		-12.70523244		-6.40376325		4.66564379		1.73811946		1.81066280		0.42483302
85.22119000		85.68850850		-5.45248659		-134		-8.08667432		-6.06594209		4.31167201		1.75427009		1.76257925		0.42878303
80.35413000		80.58420567		-5.07692959		-131		-7.91880013		-11.18098208		9.41604879		1.76493329		1.59336933		0.43139100
80.35413000		80.89395297		-4.76718230		-176		-10.59068792		-10.90409332		9.10612485		1.79796847		1.54823031		0.43947083
83.31171000		83.46940041		-4.50295833		-168		-10.10837377		-8.36143310		6.53067783		1.83075527		1.44153300		0.44749020
83.31171000		83.73401879		-4.23833995		-142		-8.52752287		-8.11952910		6.26598577		1.85354333		1.39651758		0.45306413
80.60008000		80.75457972		-3.96182056		-152		-9.15106618		-11.11667384		9.24551785		1.87115599		1.30308647		0.45737226
80.60008000		80.98769659		-3.72870368		-178		-10.69304782		-10.91554601		9.01235285		1.90319316		1.26089518		0.46520892
85.65433000		85.74642572		-3.53496685		-159		-9.57108607		-6.18645651		4.25372865		1.93272786		1.16104617		0.47243370
85.65433000		85.99010206		-3.29129050		-113		-6.80412595		-5.95764247		4.01004213		1.94760034		1.11753431		0.47607190
80.80726000		86.27376039		-3.00763218		-98		-5.92309009		-5.69387089		3.72699142		1.96687948		1.04211672		0.48078819
80.80726000		86.48717805		-2.79421451		-94		-5.68304977		-5.49279853		3.51294007		1.97985846		1.00030108		0.48396332
85.28012000		85.37517607		-2.63497329		-98		-5.90648502		-6.63309742		4.62489087		2.00820655		0.89910016		0.49089846
85.28012000		85.53089502		-2.47925433		-108		-6.48628454		-6.49360243		4.46915162		2.02445080		0.86167441		0.49487260
84.15787000		84.23554712		-2.34483555		-115		-6.95853558		-7.81134159		5.76453258		2.04680901		0.78720354		0.50034264
84.15787000		84.37130936		-2.20907331		-126		-7.61733899		-7.69681264		5.62971049		2.06710215		0.75583453		0.50530759
83.02323000		83.12904283		-2.04487619		-136		-8.17634520		-8.99352714		6.87104806		2.12247908		0.70611050		0.51885683
83.02323000		83.29495584		-1.87896318		-149		-8.94891612		-8.85196498		6.70514608		2.14681890		0.68310339		0.52481243
83.51670000		83.60987902		-1.72341703		-145		-8.75601171		-8.54715960		6.39020089		2.15695871		0.63789247		0.52729355
83.51670000		83.79133417		-1.54196189		-141		-8.51095083		-8.38831939		6.20879388		2.17952551		0.62537493		0.53281556
81.89614000		81.99881574		-1.34443445		-151		-9.09728109		-10.55652505		8.00124117		2.55528388		0.60987137		0.53553250
81.89614000		82.16087665		-1.18237354		-144		-8.67734752		-7.14570793		4.53903620		2.60667173		0.65971349		0.54631701
89.61703000		89.68400594		-1.02702716		-92		-5.52453657		0.43512391		-2.98279223		2.54766832		0.62244184		0.53393433
89.61703000		89.87284463		-0.83818848		-23		-1.43869982		0.63176346		-3.17293678		2.54117333		0.61800435		0.53257134
85.83382000		85.94002473		-0.67920464		-34		-2.04147645		-6.60834123		4.06002411		2.54831713		0.66718210		0.53407049
85.83382000		86.04495983		-0.57426954		-97		-5.87767338		-6.51174837		3.95505052		2.55669785		0.66208535		0.53582923
84.88518000		84.94458502		-0.47718800		-107		-6.45257117		-3.94302652		1.36032282		2.58270370		0.73973836		0.54128685
84.88518000		85.04082027		-0.38095275		-82		-4.96939297		-3.84958352		1.26413199		2.58545153		0.73151695		0.54186353
86.62979000		86.70026663		-0.26467698		-55		-3.34783762		-2.19016760		-0.39536529		2.58553289		0.70706104		0.54188060
86.62979000		86.81904393		-0.14589968		-40		-2.39923530		-2.07041283		-0.51415836		2.58457119		0.70276022		0.54167877
84.79979000		84.83711703		-0.06068237		-43		-0.08236081		-4.06113851		1.46860262		2.59253589		0.69839752		0.54335031
84.79979000		84.89895679		0.00115739		-61		-3.71697053		-4.00154090		1.40591316		2.59562774		0.69996044		0.54399919
86.82090000		84.96011152		0.06231212		-82		-4.95406643		-5.63243327		3.44537587		2.18705739		0.73801716		0.53465863
86.82090000		85.03771272		0.13991332		-95		-0.26701756		-5.56705688		3.36776514		2.19929174		0.72998345		0.53765243
84.72895000		84.79360105		0.23682526		-94		-5.67680741		-5.82383777		3.61191201		2.21192576		0.72350891		0.54074408
84.72895000		84.92275024		0.36597445		-96		-5.77208874		-5.70913258		3.48460877		2.22452380		0.72736563		0.54382698
87.30817000		87.40103792		0.50885375		-83		-4.98124942		-3.42234071		1.19776116		2.22457955		0.78630562		0.54384062
87.30817000		87.54289847		0.65071430		-62		-3.75242659		-3.28470732		1.05606643		2.22864089		0.77359282		0.54483449
84.69134000		84.79221170		0.80061718		-72		-4.33944045		-6.03915428		3.80665496		2.23249932		0.75775350		0.54577872
84.69134000		84.91998271		0.92838819		-96		-5.77891451		-5.92512890		3.67927251		2.24585639		0.75999320		0.54904745
85.55019000		85.60209485		1.02466389		-91		-5.47856875		-4.19980981		1.96697513		2.23283468		0.83856879		0.54586078
85.55019000		85.74798660		1.17055564		-75		-4.51607904		-4.05894324		1.81916127		2.23978197		0.82364547		0.54756092
89.11387000		89.21898619		1.36699822		-51		-3.06952388		-0.57598216		-1.65189645		2.22787860		0.79443416		0.54464795
89.11387000		89.37329832		1.52131034		-18		-0.31303373		-0.41547095		-1.80620542		2.22167637		0.79121175		0.54313017
86.48446000		86.55189754		1.62673151		-25		-1.55558930		-3.11721114		1.19305941		1.92415172		0.86350071		0.53752661
86.48446000		86.63645485		1.71128882		-49		-2.95776380		-3.03801799		1.10848462		1.92953337		0.83936164		0.53903115
88.64531000		86.68210009		1.75693406		-50		-3.02280325		-2.95821142		1.06281935		1.89539208		0.80330207		0.52948647
88.64531000		86.74765542		1.82248939		-49		-2.95147893		-2.89758195		0.99728768		1.90029427		0.80289519		0.53085692
85.53452000		85.61881467		1.94522277		-56		-1.04790922		-4.06648159		2.12610819		1.94037340		0.82010142		0.54206171
85.53452000		85.72384870		2.05025680		-67		-2.99947880		-4.25784420		2.30871511		1.94912908		0.92657674		0.54450958
88.24606000		88.29772612		2.13638465		-59		-3.54321441		-1.63094072		-0.26375679		1.89469751		0.85617282		0.52929230
88.24606000		88.43868758		2.27734611		-35		-2.13239264		-1.48704393		-0.40606009		1.89310402		0.84812281		0.52884682
87.48863000		87.60446461		2.44070988		-31		-1.86637556		-2.32844054		0.42808714		1.90035340		0.86141998		0.53087345
87.48863000		87.69698531		2.53323058		-37		-2.27706442		-2.35532145		0.45355711		1.90176434		0.94284189		0.53126790
89.29227000		89.32643881		2.58558658		-27		-1.65669536		-0.69251812		-1.17591071		1.86842883		0.88847409		0.52194878
89.29227000		89.41244785		2.67159448		-11		-0.20901312		-0.60075105		-1.26192284		1.86267389		0.87201290		0.52033999
89.91458000		89.97689196		2.75996700		-6		-0.39374453		-0.01126124		-1.82638001		1.83764125		0.86017580		0.51334227
89.91458000		90.00890590		2.79198095		0		-0.04136413		0.02949243		-1.85838578		1.82889336		0.86821903		0.51089689
88.83591000		88.85078878		2.81094577		-8		-0.49537683		-1.31334835		-0.50188887		1.81523721		0.95598268		0.50707952
88.83591000		88.87221262		2.83236961		-20		-1.21435511		-1.28910249		-0.52365454		1.81275703		0.93055630		0.50638623
89.81501000		89.81029144		2.82722024		-16		-0.97009245		-0.32387888		-1.46173711		1.78561599		0.89543926		0.49879954
89.81501000		89.83326567		2.85019447		-6		-0.41206533		-0.29398396		-1.48467183		1.77865579		0.89354572		0.49685400
88.38540000		88.44036197		2.92130773		-14		-0.86775798		-1.50398346		-0.09176202		1.59574548		0.92827512		0.50144788
88.38540000		88.48079391		2.96173968		-25		-1.54898646		-1.54687047		-0.04830199		1.59517246		0.97841714		0.50126772
88.49132000		88.48851031		2.96945608		-25		-1.06743478		-1.51511353		-0.05602302		1.57113655		0.92256273		0.49371085
88.49132000		88.54265428		3.02360005		-25		-1.06738442		-1.46054828		-0.11015525		1.57070353		0.91542066		0.49357471
88.35115000		88.41185381		3.11452192		-25		-1.53355794		-1.59556715		0.02066308		1.57490407		0.93209708		0.49489534
88.35115000		88.48470751		3.18737562		-25		-1.51989394		-0.92500787		-0.65176662		1.57677449		1.05575166		0.49548340
92.79977000		92.83182259		3.24593271		4		0.29655116		3.43797478		-4.99889248		1.56091770		1.00984224		0.49049810
92.79977000		92.92091425		3.33502437		54		3.25590214		3.55521021		-5.08794221		1.53273200		0.97300409		0.48163685
86.91539000		86.95388672		3.39716204		18		1.71507612		-2.39090179		0.87902717		1.51187463		0.95094855		0.47507968
86.91539000		86.90766032		3.35093564		-35		-2.14879476		-2.44210576		0.92521336		1.51689240		0.97102826		0.47665716
89.60317000		89.54484173		3.25013287		-27		-1.31604928		0.09185646		-1.58457877		1.49272231		1.02538714		0.46905867
89.60317000		89.53330199		3.23859314		-5		-0.32409714		0.08919244		-1.57302551		1.48383308		0.99446136		0.46626415
89.71263000		89.79021018		3.32898761		3		0.19176190		0.37741225		-1.82988962		1.45247737		0.96543678		0.45640699
89.71263000		89.85117948		3.38995690		6		0.01458449		0.59373412		-1.89090333		1.29716921		0.97363033		0.45287485
88.02510000		88.00363666		3.36865546		-11		-0.66738528		-1.99243664		0.71176451		1.28067212		1.06415488		0.44711336
88.02510000		87.97871834		3.34373715		-32		-1.96916393		-2.02193550		0.73667616		1.28525934		1.02415474		0.44871540
90.54947000		90.55876292		3.35179030		-11		-0.70013973		0.56662500		-1.84334680		1.27672180		0.99914435		0.44573375
90.54947000		90.62633413		3.41936151		9		0.01646766		0.64592385		-1.91092446		1.26500062		0.98936323		0.44164027
88.30179000		88.37922102		3.52547623		-3		-0.18760777		-1.03035082		-0.22866833		1.25901915		1.12213087		0.43955133
88.30179000		88.38511570		3.53137091		-18		-1.10029178		-1.02284953		-0.23464261		1.25749215		1.06895593		0.43901805
92.08637000		92.05203017		3.47024345		7		0.44523367		2.69152368		-3.90151921		1.20999552		1.00770760		0.42243091
92.08637000		92.10512013		3.52333340		40		2.42218363		2.76914599		-3.95452742		1.18538143		0.99744569		0.41383522
89.41356000		89.47821765		3.61225666		25		1.55182042		0.14541905		-1.32769499		1.18227594		1.04358948		0.41275073
89.41356000		89.40064608		3.53468509		-2		-0.12809694		-0.58850020		-0.58652111		1.17502131		1.09960222		0.41021732
88.35382000		88.21243028		3.36221152		-17		-1.07409277		-1.68088209		0.60169089		1.07919121		1.03194678		0.41442868
88.35382000		88.16266565		3.31244689		-28		-1.70493182		-1.73516354		0.65154236		1.08362118		1.02714646		0.41613027
89.17172000		89.23502901		3.38627695		-21		-1.10768771		-0.66163970		-0.42082746		1.08246716		1.04020873		0.41568700
89.17172000		89.33358359		3.48483154		-10		-0.52402876		-0.55986880		-0.51937586		1.07924466		1.07514457		0.41444921
88.00833000		88.08518945		3.59121218		-13		-0.81085960		-1.23216155		0.18087750		1.05128405		1.04706774		0.40370940
88.00833000		88.15723968		3.66326241		-19		-1.15928760		-1.16105954		0.10881506		1.05224448		1.03775098		0.40407830
90.30479000		90.32270391		3.68888137		-4		-0.28010530		1.04030057		-2.05665969		1.01635912		1.03670803		0.39029482
90.30479000		90.38569251		3.75186997		16		1.01693372		1.11742425		-2.11960038		1.00217613		1.06101019		0.38484725
86.88555000		86.94989026		3.83397344		-13		-0.82093336		-2.94078488		1.92216555		1.01861933		1.05466684		0.39116295
86.88555000		86.91930369		3.80338687		-48		-1.19739190		-2.98450273		1.95270158		1.03180115		1.05159497		0.39622603
91.78542000		91.74577547		3.74646406		-15		-0.93749673		1.92880423		-2.87374229		0.94493807		1.07206137		0.36286306
91.78542000		91.87136627		3.87205487		29		1.76773445		2.08914244		-2.93448245		0.84534001		1.14517538		0.35412088
90.74934000		90.90312226		4.06227540		26		1.61625800		1.11898731		-1.96622820		0.84724089		1.07716234		0.35491730
90.74934000		90.88824282		4.04739597		18		0.43156992		1.11876015		-1.95143348		0.83267332		1.07272899		0.34881394
90.13312000		90.01744130		3.88932387		13		0.81801643		0.24983716		-1.08072663		0.83088947		1.12234304		0.34806656
90.13312000		89.91528194		3.78716451		4		0.27879565		0.13111428		-0.95461437		0.82350009		1.14973884		0.34497066
91.25082000		91.21526750		3.73282278		9		0.57477017		1.45065193		-2.25458875		0.80393681		1.08628217		0.33677436
91.25082000		91.16463413		3.68218941		20		1.23816627		1.41631787		-2.20402990		0.78771204		1.08168941		0.32997683
88.40097000		88.39480012		3.67303892		-1		0.06550069		-1.91339462		1.09693385		0.81646076		1.21551637		0.34202143
88.40097000		88.33177869		3.61001748		-29		-1.64610447		-1.98455020		1.15993395		0.82461625		1.14953486		0.34543829
89.99245000		89.90861983		3.52137248		-17		-1.07458504		-0.37846155		-0.41689407		0.79535563		1.10179195		0.33317918
89.99245000		89.99897451		3.61172716		-5		-0.35129866		-0.28488389		-0.50723388		0.79211777		1.10925233		0.33182265
89.21929000		89.37402018		3.79378125		-10		-0.64825089		-0.90973588		0.11781871		0.79191717		1.13960678		0.33173861
89.21929000		89.40539485		3.82515592		-15		-0.90745386		-0.82892072		0.09725997		0.73166075		1.19760103		0.33203516
88.85076000		88.84321829		3.81243552		-18		-1.11208573		-1.38008450		0.65952401		0.72056049		1.11981329		0.32699721
88.85076000		88.94345343		3.91267067		-22		-1.35833805		-1.28457676		0.55925008		0.72532668		1.13977769		0.32916039
90.81521000		90.88131836		4.02834034		-10		-0.63989052		0.66403967		-1.36306539		0.69902573		1.20734877		0.31722355
90.81521000		90.97740320		4.12442518		5		0.30696956		0.76872111		-1.45693156		0.68821046		1.15701383		0.31231501
90.98629000		91.07264579		4.22390179		12		0.33292272		0.86986769		-1.55442349		0.68455580		1.14632226		0.31065635
90.98629000		91.08048362		4.23173961		14		0.84629910		0.89003764		-1.56231628		0.67227864		1.17254583		0.30508437
89.96882000		89.87734482		4.13206762		7		0.42954919		-0.31250802		-0.34940292		0.66191094		1.18023587		0.30037901
89.96882000		89.78900672		4.04372953		-1		-0.07976276		-0.39857220		-0.26098628		0.65955848		1.15833481		0.29931136
90.96416000		90.92342251		3.99740740		1		0.09114476		0.75149040		-1.39538425		0.64389385		1.16829870		0.29220206
90.96416000		90.92197366		3.99595854		9		0.57671829		0.76082785		-1.39391190		0.63308405		1.21381928		0.28729611
89.76568000		89.78316968		4.01741025		2		0.12293422		-0.81785798		0.21683192		0.60102606		1.20424623		0.29372751
89.76568000		89.74851454		3.98275510		-9		-0.30111549		-0.85434624		0.25147184		0.60287439		1.19466481		0.29463088
90.08309000		90.04613301		3.92960568		-12		-0.73331293		-0.53493345		-0.04613658		0.58107002		1.22333713		0.28397411
90.08309000		90.08486715		3.96833982		-10		-0.61221167		-0.49581819		-0.08479082		0.58060901		1.27829008		0.28374880
91.33441000		90.18129960		4.06477227		-8		-0.49004383		-0.38107523		-0.18129807		0.56228987		1.20735601		0.27479549
91.33441000		90.25381440		4.13728707		-6		-0.06496465		-0.30669539		-0.25380695		0.56050234		1.20991172		0.27392185
90.09105000		90.14006858		4.19002902		-5		-0.33126007		0.01403891		-0.57639608		0.56235717		1.31734376		0.27482838
90.09105000		90.18405387		4.23401431		-2		-0.17107098		0.06293135		-0.62038634		0.55745499		1.24821613		0.27243249
89.98088000		89.99963355		4.25933397		0		-0.04811483		-0.11745466		-0.43595795		0.55341261		1.22613401		0.27045683
89.98088000		90.02102701		4.28072743		-1		-0.07262203		-0.09243522		-0.45735797		0.54979319		1.23763070		0.26868788
90.39052000		90.38999191		4.28080352		0		0.04733703		0.27862339		-0.81825623		0.53963284		1.27839846		0.26372215
90.61131000		90.61109208		4.27063209		3		0.22207819		0.52199436		-1.03935890		0.51736453		1.23969555		0.25283887
90.61131000		90.60373469		4.26327469		6		0.19676847		0.52310337		-1.03199808		0.50889472		1.24673216		0.24869941
90.61131000		90.59031918		4.24985918		8		0.49177702		0.55226372		-1.01859688		0.46633316		1.28819268		0.24417686
90.15857000		90.55265370		4.21219371		8		0.53895758		0.51391734		-0.96935641		0.45543908		1.27389300		0.23847236
90.15857000		90.50957441		4.16911441		8		0.52069260		0.47881724		-0.92628884		0.44747160		1.26445611		0.23430034
91.17544000		91.13972778		4.13112669		13		0.79460225		1.12248020		-1.55643962		0.43395943		1.29266506		0.22722496
91.17544000		91.08350628		4.07490519		17		1.04208080		1.06822809		-1.48931593		0.42108784		1.33666279		0.22048504
90.20991000		90.13609162		3.98917539		11		0.71048330		0.11096694		-0.54352214		0.43255520		1.29451509		0.22648967
90.20991000		90.03073289		3.88381665		4		0.27280613		0.00813941		-0.43650130		0.42836189		1.29521391		0.22429394
89.69457000		89.61657473		3.78229925		-1		0.02963028		-0.42804482		-0.01531332		0.44335815		1.40692815		0.23214641
89.69457000		89.56816878		3.73389330		-5		-0.34501536		-0.47657821		0.03309864		0.44347957		1.33533310		0.23220999
89.86098000		89.87645569		3.74872084		-5		-0.33126374		-0.15696630		-0.27516995		0.43213625		1.31587669		0.22627030
89.86098000		89.91689059		3.78915573		-3		-0.19330001		-0.11473787		-0.31495553		0.42969341		1.32769958		0.22499116
90.12808000		90.17600913		3.83954792		-3		-0.19562872		-0.24682999		-0.17596071		0.42279070		1.35750389		0.22137671
90.97512000		90.97737993		3.88202266		-3		-0.20153711		0.57113803		-0.97736082		0.40622279		1.33271324		0.21270132
90.97512000		90.98374106		3.88838379		3		-0.03120618		0.61115864		-0.98373879		0.37258015		1.34307721		0.20809094
90.97512000		91.00630706		3.91094980		9		0.56972523		1.02456904		-1.38853698		0.36396794		1.44006500		0.20328078
89.75550000		89.76584538		3.92613086		5		0.31627384		-0.23003070		-0.14821957		0.37825027		1.36789702		0.21125787
89.75550000		89.71427560		3.87456109		0		0.01711787		-0.28055770		-0.09654714		0.37710484		1.36370726		0.21061811
89.74218000		89.68177347		3.80577220		-4		-0.25855793		-0.30537479		-0.06405754		0.36943233		1.39793806		0.20633279
89.74218000		89.67746703		3.80146576		-4		-0.23048361		-0.31548774		-0.05349391		0.36898164		1.41291671		0.20608107
90.72986000		90.76580329		3.84413626		1		-0.09147361		0.77310020		-1.14183401		0.36873381		1.38377122		0.20594265
90.72986000		90.80342583		3.88175880		9		0.57408925		0.82079038		-1.17944374		0.35865336		1.38570051		0.20031243
89.93438000		89.95258911		3.90181111		6		0.38858558		-0.39763927		0.04741080		0.35022848		1.44255058		0.19560691
89.46226000		89.91354841		3.86277041		-1		-0.06888630		-0.45209604		0.08639242		0.36570362		1.40480223		0.20425020
89.46226000		89.83012888		3.77935088		-7		-0.43750243		-0.53660036		0.16979287		0.36680749		1.40829115		0.20486675
89.46226000		89.80917112		3.75839349		-8		-0.49087481		-0.55928741		0.19084230		0.36844512		1.43109063		0.20578141
90.39513000		90.45569653		3.81968869		-2		-0.14521891		0.45870303		-0.81700976		0.35830674		1.44471742		0.20011884
89.65017000		89.65317990		3.89825994		4		0.25990664		-0.34124892		-0.01447793		0.35572685		1.43748559		0.19867790
89.65017000		89.68497993		3.93005996		2		0.14418905		-0.28820128		-0.04631593		0.33451721		1.45420588		0.19850876
89.65017000		89.68106285		3.92614288		-2		-0.16350630		-0.29983513		-0.03428738		0.33412252		1.51521358		0.19827454
89.76075000		89.73533339		3.89876026		-4		-0.15819061		-0.23679053		-0.08841244		0.32520297		1.46739459		0.19298140
90.00798000		90.00998198		3.89281866		-4		-0.24095973		0.04512037		-0.36227938		0.31715902		1.47727761		0.18820787
90.00798000		90.05636035		3.93919703		-2		-0.12825722		-0.25763064		-0.05633735		0.31396799		1.53752834		0.18631422
89.71112000		89.71146869		3.98039904		-2		-0.12949838		-0.61780009		0.28854362		0.32925648		1.48708294		0.19538687
89.71112000		89.73697206		4.00590241		-6		-0.38783298		-0.59497806		0.26328375		0.33169431		1.47862218		0.19683356
89.71112000		89.77028303		4.03921339		-9		-0.25997474		-0.56364243		0.22972473		0.33391771		1.48080341		0.19815300
91.13518000		91.16015282		4.06808818		-1		-0.09566269		0.85453435		-1.16009601		0.30556166		1.49194441		0.18132566
89.24622000		89.24702198		4.11839916		8		0.51274651		-1.06733619		0.75301217		0.31432402		1.54969592		0.18652550
89.24622000		89.29636112		4.16773830		0		0.28594457		-1.02445540		0.70364332		0.32081207		1.51499691		0.19037570
89.24622000		89.26500583		4.13638301		-13		-0.59500979		-1.06219711		0.73497573		0.32722138		1.51004179		0.19417918
90.08367000		90.02940880		4.07620825		-10		-0.64398426		0.05544855		-0.36458088		0.30913233		1.54308272		0.18344459
90.34698000		90.35712685		4.14044125		-2		-0.14970740		0.38909451		-0.69222183		0.30312732		1.54397263		0.17988105
90.34698000		90.49596873		4.27928313		4		0.26776898		0.53482387		-0.83113237		0.29630849		1.57193219		0.17583456
90.08623000		90.08634403		4.32589070		6		0.37410995		-0.18213664		-0.08634148		0.26847813		1.57221385		0.16869101
90.08623000		90.06290742		4.30245409		1		0.10178223		-0.20484419		-0.06292960		0.26777379		1.56905450		0.16824846
91.30380000		91.30151247		4.26171839		-2		-0.12873382		1.04779483		-1.30152440		0.25372957		1.58587969		0.15942403
91.30380000		91.27196702		4.23217294		6		0.36180839		1.02992285		-1.27196695		0.24204410		1.62014558		0.15208169
91.30380000		91.27603781		4.23624374		15		0.90979286		1.04556941		-1.27602810		0.23045868		1.59947980		0.14480224
89.88201000		89.87419977		4.23011518		7		0.24985024		-0.39529190		0.12579488		0.26949701		1.60334974		0.16933121
90.03788000		90.02754877		4.13902039		-1		-0.10560122		0.07576279		-0.34600375		0.27024096		1.66882721		0.16979866
90.03788000		89.90301061		4.01448222		-3		-0.21367466		-0.04777883		-0.21989860		0.26767743		1.62890119		0.16818791
89.83483000		89.83988705		4.00760521		-1		-0.07007092		-0.08908316		-0.15664987		0.24573303		1.62163609		0.15439956
89.83483000		89.89492812		4.06264628		-1		-0.06156799		-0.03234534		-0.21170406		0.24404940		1.63007744		0.15334168
89.42801000		89.42875663		4.07846811		-1		-0.07811595		-0.51513025		0.26289244		0.25223781		1.67187227		0.15848671
89.42801000		89.43604875		4.08576022		-4		-0.28513833		-0.51024347		0.25561367		0.25462980		1.66584755		0.15998967
89.42801000		89.44743827		4.09714975		-8		-0.50414857		-0.50111608		0.24421706		0.25689901		1.66645110		0.16141549
90.45535000		90.48158314		4.12377714		0		-0.03267876		0.56528893		-0.78993330		0.22464437		1.66905562		0.14114894
90.20995000		90.54214982		4.18434382		8		0.48035687		0.62482127		-0.84573348		0.22091221		1.68473608		0.13880392
90.20995000		90.59615888		4.23835289		10		0.63179149		0.68765269		-0.90044395		0.21279126		1.68270903		0.13370130
90.20995000		90.55397732		4.19617133		11		0.66930130		0.65371902		-0.85835815		0.20463912		1.68454256		0.12857910
89.58087000		89.49301770		4.10218250		2		0.12525881		-0.72288317		0.50694062		0.21594255		1.73843043		0.13568135
90.59636000		90.58647226		4.01055593		-6		0.06545752		0.38631213		-0.58648127		0.20016913		1.71528637		0.13275774
90.59636000		90.53087119		3.95495487		-3		-0.19506965		0.33594653		-0.53087430		0.19492778		1.71641685		0.12928149
89.87772000		89.88914552		3.99231128		5		0.32072524		-0.01469218		-0.18560259		0.20029478		1.75329960		0.13284106
89.87772000		89.95879607		4.06196183		2		0.15460282		0.05705900		-0.25527709		0.19821808		1.72887821		0.13146373
90.15667000		90.14801020		4.04776243		1		0.06704473		0.26577454		-0.44454020		0.17876567		1.72473926		0.11856226
90.15667000		90.09335311		3.99310535		3		0.18713423		0.21497376		-0.38986241		0.17488865		1.72977521		0.11599090
90.80104000		90.80736280		4.00423189		4		0.29707463		0.92610757		-1.09608855		0.16998098		1.77144445		0.11273599
90.80104000		90.80505291		4.00192200		10		0.64145775		0.93460387		-1.09414534		0.15954146		1.76664348		0.10581218
90.80104000		90.75862335		3.95549244		15		0.46829115		0.89816491		-1.04771376		0.14954885		1.76580850		0.09918477
89.48050000		89.40050976		3.87505543		3		0.05970317		-0.47740654		0.31040234		0.16700420		1.77998642		0.11076169
89.99183000		89.97139210		3.74985306		-8		-0.52026088		-0.18917738		0.02850189		0.16067548		1.78948827		0.10656429
89.99183000		89.89323982		3.67170078		-7		-0.43091128		-0.26773662		0.10634626		0.16139036		1.78840639		0.10703842
89.74716000		89.76332119		3.70266633		-4		-0.25895583		-0.41115981		0.23672560		0.17443421		1.79652866		0.11568950
89.74716000		89.88084721		3.82019235		-4		-0.28051903		-0.01323803		-0.16216791		0.17540594		1.83381142		0.11633399
89.96424000		89.96777131		3.89443286		-2		-0.13152941		0.07826570		-0.24977735		0.17151165		1.81149377		0.11375117
89.96424000		89.99573738		3.92239893		0		0.05988950		0.10870514		-0.27775989		0.16905475		1.81119549		0.11212168
89.47491000		89.47472567		3.91486983		1		0.07493569		-0.40715123		0.24322498		0.16392625		1.81359207		0.10872030
89.47491000		89.46202587		3.90217004		-2		-0.15227079		-0.42221340		0.25593910		0.16627430		1.84844306		0.11027760
89.47491000		89.45190685		3.89205101		-4		-0.27261528		-0.15717622		-0.00916106		0.16633729		1.83715487		0.11031937
90.36474000		90.37020109		3.89714651		4		-0.05225234		0.77749648		-0.92744830		0.14995182		1.83219871		0.09945204
90.12796000		90.14375131		3.93730565		9		0.59321694		0.01021083		-0.14371554		0.13350471		1.87076473		0.08854384
90.12796000		90.15771115		3.95126549		4		0.28431432		0.02586498		-0.15790449		0.13203951		1.86405463		0.08757208
90.29661000		90.27841975		3.88359310		0		0.01925017		0.14506371		-0.27844362		0.13337992		1.86341212		0.08846107
90.29661000		90.20508837		3.81026172		1		0.04809862		0.07392771		-0.20509705		0.13116934		1.86532757		0.08699495
90.35935000		90.36386368		3.81253841		2		0.12154017		0.50481777		-0.63591878		0.13110100		1.87729033		0.08694963
90.35935000		90.38616819		3.83484292		5		0.30310170		0.53321832		-0.65824294		0.12502462		1.87403063		0.08291960
89.26954000		89.26116861		3.80764806		7		0.46515016		-0.60574174		0.46674364		0.13899810		1.87551851		0.09218721
89.26954000		89.20374613		3.75022557		-2		-0.13393248		-0.66073333		0.52412886		0.13660447		1.88368402		0.09536809
89.84615000		89.83839935		3.68117968		-11		-0.70682097		-0.28892926		0.16157374		0.12735552		1.89764920		0.08891107
89.84615000		89.81494257		3.65772290		-9		-0.55901663		-0.31420613		0.18508822		0.12911791		1.89633489		0.09014146
90.28444000		90.32161624		3.75550575		-3		-0.23914758		0.19508938		-0.32155526		0.12646588		1.89884004		0.08828998
90.28444000		90.46833164		3.90222116		0		0.03987846		0.61316723		-0.73561253		0.12244530		1.93190603		0.08548307
89.48446000		89.49082411		3.97459775		5		0.35506944		-0.36560805		0.24194891		0.12365913		1.90724867		0.08633049
89.48446000		89.47928386		3.96305750		1		0.08151990		-0.37932465		0.25333385		0.12599080		1.90714292		0.08795831
89.91131000		89.89865320		3.91700586		-5		-0.18990764		0.04056826		-0.16602036		0.12545210		1.91576856		0.08758223
89.91131000		89.85506090		3.87341355		-3		-0.21035503		-0.27056449		0.14492903		0.12563546		1.93430029		0.08771024
89.98909000		90.00358677		3.89672567		-3		0.00219139		-0.12362775		-0.00357979		0.12720754		1.92910738		0.08880776
89.98909000		90.07630091		3.96943980		-2		-0.15592795		-0.05055772		-0.07626917		0.12682688		1.92954414		0.08854201
90.28513000		90.12211448		4.01525337		0		-0.03328042		0.26120159		-0.38792632		0.12672473		1.95088960		0.08847070
90.28513000		90.14986331		4.04300220		3		0.19645314		0.29415251		-0.41567221		0.12151970		1.91865593		0.08483688
89.99975000		89.97830426		4.02362325		3		0.19210326		0.13973834		-0.24413309		0.10439475		1.91825752		0.07288137
89.34430000		89.31971893		3.98054872		-2		-0.12653140		-0.79828651		0.68024812		0.11803839		1.90958886		0.08240645
90.49263000		90.49280090		3.93212947		-8		-0.52967425		0.36766391		-0.49277618		0.12511227		1.90769717		0.08734498
90.29572000		90.39931755		4.16679044		8		0.48723921		0.57205458		-0.66665679		0.09460220		1.90561554		0.06604486
90.28885000		90.22265316		4.07007117		8		0.52855030		0.39867459		-0.49007466		0.09140007		1.90551153		0.06380934
90.58391000		90.07221790		3.91963592		5		0.33455333		0.25859061		-0.34275878		0.08416816		1.88303724		0.05876050
89.43019000		89.41501212		3.75839137		2		0.14322064		-0.39379507		0.31446266		0.07933241		1.88431677		0.05538450
89.43019000		89.37596380		3.71934306		-7		-0.42244077		-0.44016832		0.35512506		0.08504327		1.89481839		0.05937144
90.18098000		90.22362956		3.76546075		1		0.09962513		0.42643151		-0.49250473		0.06607322		1.89321623		0.04612783
89.80649000		89.87108864		3.86004713		2		0.17243307		0.08167798		-0.14476942		0.06309145		1.86076098		0.04404616
90.25910000		90.17999450		3.75102170		6		0.36250633		0.39119985		-0.45368076		0.06248091		1.86081219		0.04361992
89.85592000		89.84124551		3.73717734		5		0.35278960		0.32912029		-0.38540923		0.05628893		1.87097460		0.03929710
90.41101000		90.41068313		3.55960279		-9		-0.59462369		0.61880821		-0.68766542		0.06885721		1.83891955		0.04807142
90.41101000		90.49021998		3.63913965		8		0.49010611		0.70971234		-0.76713666		0.05742431		1.83790812		0.04008974
89.26721000		89.31828999		3.71782885		0		0.00768287		0.38219031		-0.42604563		0.04385532		1.83951885		0.03061679
88.98120000		88.89897576		3.57475476		2		0.10121486		-0.03758352		-0.00670554		0.04428906		1.83787589		0.03091960
91.10163000		91.12285089		3.60015450		-500		nan		1.68926213		-1.67657164		-0.01269049		1.83717583		0.00885964
89.65147000		89.73593099		3.70240158		-500		nan		0.29229949		-0.28983929		-0.00246020		1.83708765		0.00171755
88.51977000		90.27666474		6.13337543		-500		nan		1.12499932		-1.11689373		-0.00810559		1.81521355		0.00565877
90.84054000		92.55355475		7.93360281		39		1.77341756		3.48550639		-3.40978073		-0.07572566		1.79120164		0.05286651
92.34428000		94.09171181		10.05664253		65		0.57520021		5.11047489		-4.94813148		-0.16234341		1.78970278		0.11333738
95.85716000		96.88660648		12.02638466		104		6.28022848		7.74930156		-7.44004930		-0.30925226		1.81852505		0.20510585
100.47002000		101.21312690		14.64888821		153		3.40846864		12.32441563		-11.78740291		-0.53701273		1.82852231		0.31867909
100.47002000		103.40558529		16.84134661		221		13.27779696		14.68986276		-13.97917339		-0.71068936		1.91630725		0.42175318
101.85576000		103.45784282		18.53434321		237		14.24119643		15.01932388		-14.05076647		-0.96855741		1.88322576		0.50718378
107.55012000		108.26262039		19.87961936		291		17.47356653		20.18729980		-18.85302520		-1.33427459		1.93858713		0.65216746
108.06891000		108.39987881		20.69967268		339		20.39506712		20.71623083		-18.99640538		-1.71982545		2.24839876		0.78066649
108.53276000		108.56092353		21.20237383		349		20.95159405		21.10047323		-19.15762963		-1.94284360		2.13916632		0.88197251
108.53276000		108.72072417		21.36217447		356		21.37365073		21.65060309		-19.31750585		-2.33309724		2.16300685		0.97782599
109.57587000		109.30734173		20.85589018		378		22.69389655		22.74362789		-19.92016865		-2.82345924		2.52846351		1.18364609
108.55903000		108.32515899		20.18282314		377		22.64557772		22.21648072		-18.93791890		-3.27856182		2.42995515		1.26025314
106.24445000		106.01627055		19.28717899		359		21.56755613		20.12127862		-16.62889760		-3.49238102		2.41588717		1.34264122
