286.38874000		286.38855483		-0.00018517
286.38874000		286.38836961		-0.00037039
286.38874000		286.38855474		-0.00055564
286.38874000		286.38836952		-0.00074086
286.38874000		286.38555204		-0.00392883
286.38874000		286.38236290		-0.00711797
286.38874000		286.38555204		-0.01030593
286.38874000		286.38136172		-0.01449624
286.38874000		286.38454956		-0.01868668
286.38874000		286.38035933		-0.02287692
286.38874000		286.38454973		-0.02706719
286.38874000		286.38035958		-0.03125734
286.38874000		286.38454989		-0.03544744
286.38874000		286.38036029		-0.03963705
286.38874000		286.38855477		-0.03982227
286.38874000		286.38836963		-0.04000742
286.38874000		286.38855482		-0.04019260
286.38874000		286.38836965		-0.04037777
286.38874000		286.38855483		-0.04056293
286.38874000		286.39137234		-0.03774543
286.38874000		286.39155759		-0.03492784
286.38874000		286.39437639		-0.03210904
286.38874000		286.39155742		-0.02929162
286.38874000		286.39437495		-0.02647409
286.38874000		286.39155751		-0.02365658
286.38874000		286.39237320		-0.02284089
86.55339000		86.55420570		-0.02202519
86.55339000		86.55502162		-0.02120927
83.04555000		83.04636575		-0.02039352
83.04555000		83.04718150		-0.01957777
81.33262000		81.33343535		-0.01876242
81.33262000		81.33425112		-0.01794665
84.88574000		84.88755622		-0.01613043
84.88574000		84.88937359		-0.01431306
81.84385000		81.84566602		-0.01249704
81.84385000		81.84548078		-0.01268228
83.30748000		83.30729481		-0.01286747
83.30748000		83.30710955		-0.01305273
83.07722000		83.07703482		-0.01323790
83.07722000		83.07985357		-0.01041916
81.07269000		81.07550939		-0.00759977
81.07269000		81.07832878		-0.00478037
83.23922000		83.24103716		-0.00296321
83.23922000		83.24285434		-0.00114604
81.60611000		81.60792631		0.00067027
81.60611000		81.60974359		0.00248756
83.17688000		83.17369131		-0.00070114
83.17688000		83.17050271		-0.00388974
82.68385000		82.68066159		-0.00707814
82.68385000		82.67947494		-0.00826479
82.73943000		82.73824358		-0.00945121
82.73943000		82.73705746		-0.01063733
82.17447000		82.17328392		-0.01182341
82.17447000		82.17209784		-0.01300948
82.50138000		82.49919282		-0.01519667
82.50138000		82.49700497		-0.01738451
83.18716000		83.18497310		-0.01957141
83.18716000		83.18278600		-0.02175851
82.33945000		82.33726299		-0.02394552
82.33945000		82.33007145		-0.03113706
83.06622000		83.05902882		-0.03832824
83.06622000		83.05183434		-0.04552272
83.02233000		83.01513516		-0.05271756
83.02233000		83.00794326		-0.05990946
82.30251000		82.29531803		-0.06710143
82.30251000		82.28812620		-0.07429326
83.30295000		83.29575623		-0.08148702
83.30295000		83.28856426		-0.08867899
82.72216000		82.71496810		-0.09587089
82.72216000		82.70777628		-0.10306271
82.93568000		82.92848803		-0.11025468
82.93568000		82.92129434		-0.11744838
82.94392000		82.93672738		-0.12464099
82.94392000		82.92953534		-0.13183304
82.70891000		82.70171825		-0.13902479
82.70891000		82.69452721		-0.14621582
82.81564000		82.80844882		-0.15340700
82.81564000		82.80125707		-0.16059876
82.84031000		82.83311810		-0.16779066
82.84031000		82.82592599		-0.17498277
82.87718000		82.86998530		-0.18217747
82.87718000		82.86779737		-0.18436540
82.92368000		82.92850145		-0.17954394
82.92368000		82.92831620		-0.17972920
83.52679000		83.52260102		-0.18391817
83.52679000		83.52541875		-0.18110044
83.71956000		83.72237843		-0.17828201
83.71956000		83.72519611		-0.17546433
84.17889000		84.18170767		-0.17264666
84.17889000		84.18452518		-0.16982915
84.30687000		84.30968858		-0.16701058
84.30687000		84.31250766		-0.16419150
84.62911000		84.63192773		-0.16137377
84.62911000		84.63474664		-0.15855485
85.01985000		85.02266869		-0.15573616
85.01985000		85.02548740		-0.15291745
85.36132000		85.36413860		-0.15009885
85.36132000		85.36695738		-0.14728007
85.93715000		85.93996863		-0.14446144
85.93715000		85.94278726		-0.14164281
86.03624000		86.03905852		-0.13882429
86.03624000		86.04187602		-0.13600679
86.68822000		86.69103756		-0.13318923
86.68822000		86.69385504		-0.13037175
86.39837000		86.40118703		-0.12755472
86.39837000		86.41501584		-0.11372591
86.96929000		86.98411907		-0.09889683
86.96929000		86.98393381		-0.09908210
87.27792000		87.28474168		-0.09226042
87.27792000		87.28756042		-0.08944168
87.64797000		87.65679575		-0.08061592
87.64797000		87.67363093		-0.06378075
87.90724000		87.94008486		-0.03093588
87.90724000		87.94090062		-0.03012013
88.57621000		88.57702577		-0.02930436
88.57621000		88.57784155		-0.02848858
88.66003000		88.66084577		-0.02767281
88.66003000		88.66166154		-0.02685704
88.86011000		88.86092592		-0.02604112
88.86011000		88.86174170		-0.02522534
89.43528000		89.43609603		-0.02440931
89.43528000		89.43691178		-0.02359356
89.60320000		89.60401577		-0.02277779
89.60320000		89.60483168		-0.02196188
89.77050000		89.77131593		-0.02114595
89.77050000		89.77213170		-0.02033017
89.88009000		89.88090590		-0.01951427
89.88009000		89.88172188		-0.01869829
89.98230000		89.98311599		-0.01788230
89.98230000		89.98393192		-0.01706637
90.35889000		90.35970593		-0.01625044
90.35889000		90.36052193		-0.01543444
89.98834000		89.98915578		-0.01461865
89.98834000		90.01499608		0.01122164
90.51269000		90.54153295		0.04006459
90.51269000		90.56738022		0.06591186
90.71711000		90.74094429		0.08974615
90.71711000		90.76478858		0.11359045
90.69129000		90.74116627		0.16346672
90.69129000		90.79103507		0.21333552
90.81367000		90.86352186		0.26318738
90.81367000		90.91338170		0.31304722
91.15581000		91.20568129		0.36291851
91.15581000		91.25555607		0.41279328
91.00398000		91.19797525		0.60678853
91.00398000		91.38596116		0.79477444
91.20961000		91.39765789		0.98282233
91.20961000		91.58568324		1.17084769
91.07436000		91.26238723		1.35887492
91.07436000		91.45042949		1.54691717
91.17190000		91.35988779		1.73490496
91.17190000		91.54788873		1.92290590
91.31165000		91.49971104		2.11096694
91.31165000		91.68780213		2.29905803
91.16964000		91.35762967		2.48704769
91.16964000		91.54567192		2.67508995
91.50906000		91.69713982		2.86316977
91.50906000		91.88512573		3.05115568
91.62204000		91.81001464		3.23913032
91.62204000		91.99800807		3.42712375
91.30095000		91.48896221		3.61513595
91.30095000		91.67695939		3.80313313
91.81628000		92.00435043		3.99120356
91.81628000		92.19240959		4.17926272
92.01982000		92.20789606		4.36733879
92.01982000		92.39588573		4.55532845
92.09927000		92.28726530		4.74332376
92.09927000		92.47532071		4.93137916
91.73833000		91.92637226		5.11942142
91.73833000		92.11443142		5.30748057
92.00620000		92.16421700		5.46549758
92.00620000		92.34326089		5.64454146
92.10061000		92.26358293		5.80751439
92.10061000		92.43657593		5.98050739
91.89996000		92.07594906		6.15649645
91.89996000		92.21192839		6.29247578
92.18683000		92.34385043		6.44949621
92.18683000		92.51883325		6.62447903
92.25096000		92.42598303		6.79950206
92.25096000		92.60102004		6.97453908
91.91404000		92.08907876		7.14957784
91.91404000		92.26411927		7.32461835
92.34000000		92.51506848		7.49968684
92.34000000		92.69004956		7.67466791
91.85172000		92.02675876		7.84970667
91.85172000		92.20173284		8.02468075
92.35021000		92.52524527		8.19971602
92.35021000		92.70021935		8.37469010
91.57365000		91.74870799		8.54974810
91.57365000		91.92369431		8.72473441
90.61252000		90.78750107		8.89971549
90.61252000		90.96247341		9.07468782
88.25926000		88.31213468		9.12756250
88.25926000		88.38504216		9.20046998
86.66458000		86.73748238		9.27337236
86.66458000		86.81038767		9.34627765
81.37085000		81.44374000		9.41916765
81.37085000		81.51662126		9.49204891
77.73951000		77.81242767		9.56496658
77.73951000		77.88532204		9.63786095
71.88171000		71.95459053		9.71074148
71.88171000		72.02747689		9.78362784
67.37979000		67.45269748		9.85653531
67.37979000		67.52560495		9.92944279
62.05482000		62.12770272		10.00232551
62.05482000		62.20060218		10.07522497
55.97595000		56.04883563		10.14811060
55.97595000		56.12172854		10.22100351
50.10514000		50.17802854		10.29389206
50.10514000		50.25091345		10.36677696
44.79666000		44.86954636		10.43966332
44.79666000		44.94246985		10.51258681
39.91613000		39.98903820		10.58549502
39.91613000		40.06192602		10.65838283
35.98500000		36.05789000		10.73127283
35.98500000		36.13080184		10.80418467
30.71097000		30.78385199		10.87706666
30.71097000		30.85674927		10.94996394
26.48762000		26.56050490		11.02284885
26.48762000		26.63338471		11.09572865
23.11035000		23.18323199		11.16861064
23.11035000		23.25616641		11.24154506
19.97142000		20.04430272		11.31442778
19.97142000		20.11721238		11.38733744
17.50965000		17.58252616		11.46021360
17.50965000		17.65543000		11.53311744
15.23594000		15.30883146		11.60600889
15.23594000		15.38171709		11.67889452
13.42283000		13.49571199		11.75177651
13.42283000		13.56862165		11.82468617
10.76933000		10.84221199		11.89756816
10.76933000		10.91512165		11.97047782
8.95246000		9.02536966		12.04338748
8.95246000		9.09827641		12.11629423
6.96308000		7.03596417		12.18917840
6.96308000		7.10887238		12.26208660
4.33798000		4.36381927		12.28792587
4.33798000		4.37965356		12.30376016
1.82264000		1.83146320		12.31258336
1.82264000		1.84028939		12.32140956
359.27825000		359.28707329		12.33023284
359.27825000		359.29589657		12.33905613
355.52568000		355.53450267		12.34787880
355.52568000		355.54332604		12.35670217
351.26889000		351.27771267		12.36552484
351.26889000		351.28653851		12.37435068
347.16622000		347.17504320		12.38317388
347.16622000		347.18386622		12.39199690
342.28948000		342.29830285		12.40081975
342.28948000		342.30712886		12.40964577
337.87038000		337.87920329		12.41846905
337.87038000		337.88802648		12.42729225
332.39209000		332.40091417		12.43611642
332.39209000		332.40973754		12.44493979
327.11395000		327.12277320		12.45376299
327.11395000		327.13159860		12.46258839
322.28483000		322.29365346		12.47141186
322.28483000		322.30247895		12.48023735
316.85473000		316.86355523		12.48906257
316.85473000		316.87237860		12.49788595
310.97394000		310.98276505		12.50671099
310.97394000		310.99159063		12.51553657
305.91433000		305.92315214		12.52435871
305.91433000		305.93197516		12.53318173
300.08887000		300.09769461		12.54200634
300.08887000		300.10651904		12.55083077
294.62659000		291.87451836		9.79875913
294.62659000		289.12294156		7.04718234
289.57431000		286.82270572		4.29557806
289.57431000		284.07110143		1.54397377
285.13774000		282.38613572		-1.20763051
285.13774000		279.63450394		-3.95926228
280.69297000		277.94133823		-6.71089406
280.69297000		275.18973394		-9.46249834
277.15968000		274.40799324		-12.21418510
277.15968000		271.65630648		-14.96587186
274.70419000		271.95253073		-17.71753112
274.70419000		269.19966183		-20.47040003
271.67762000		268.92571331		-23.22230673
271.67762000		266.17295437		-25.97506567
270.41699000		267.66390116		-28.72815451
270.41699000		264.91204945		-31.48000622
269.52193000		266.76919855		-34.23273767
269.52193000		264.01635714		-36.98557908
269.05496000		266.30297083		-39.73756825
269.05496000		263.55109163		-42.48944745
268.87302000		266.11979370		-45.24267375
268.87302000		263.36788700		-47.99458045
269.03438000		266.28239083		-50.74656962
269.03438000		263.53040166		-53.49855878
269.04688000		266.29502829		-56.25041049
269.04688000		263.54218687		-59.00325191
268.68635000		267.55766584		-60.13193607
268.68635000		266.41110662		-61.27849529
268.79242000		267.62878227		-62.44213302
268.79242000		266.45107999		-63.61983530
268.52199000		267.34449943		-64.79732586
268.52199000		266.16722058		-65.97460472
268.42499000		267.24773467		-67.15186004
268.42499000		266.07010296		-68.32949175
268.67579000		267.49800539		-69.50727636
268.67579000		266.32067949		-70.68460226
268.28391000		267.10657234		-71.86193992
268.28391000		265.92918763		-73.03932463
268.49858000		267.32114824		-74.21675639
268.49858000		266.14382234		-75.39408229
268.38857000		267.21093829		-76.57171400
268.38857000		266.03356535		-77.74908694
268.32322000		267.14580001		-78.92650694
268.32322000		265.96840354		-80.10390341
268.74380000		267.56640353		-81.28129988
268.74380000		266.38898354		-82.45871987
268.41626000		267.23885177		-83.63612810
268.41626000		266.06145530		-84.81352458
268.27034000		267.09296705		-85.99089752
268.27034000		265.91560587		-87.16825871
268.47541000		267.29804882		-88.34561989
268.47541000		266.12079349		-89.52287522
268.64808000		267.47035420		-90.70060102
268.64808000		266.29264016		-91.87831506
268.78500000		267.60716834		-93.05614672
268.78500000		266.42947782		-94.23383724
269.16926000		266.30939052		-97.09370672
269.16926000		263.48043586		-99.92266138
268.23313000		265.46223697		-102.69355441
268.23313000		262.71946364		-105.43632774
269.06481000		266.32294060		-108.17819714
269.06481000		263.58019466		-110.92094308
268.29252000		265.54960971		-113.66385337
268.29252000		262.80672681		-116.40673627
268.79193000		266.04907449		-119.14959178
268.79193000		263.30542462		-121.89324165
268.18512000		265.44226449		-124.63609716
268.18512000		262.70023074		-127.37813091
268.35412000		265.61115492		-130.12109599
268.35412000		262.86827202		-132.86397889
268.36378000		265.62073275		-135.60702614
268.36378000		262.87784985		-138.34990904
268.29059000		265.54767971		-141.09281933
268.29059000		262.80567335		-143.83482569
268.94375000		266.20182582		-146.57674987
268.94375000		263.45970989		-149.31886580
267.93622000		265.19413146		-152.06095434
267.93622000		262.45215250		-154.80293331
268.52903000		265.78685929		-157.54510402
268.52903000		263.04471597		-160.28724734
268.66220000		268.61796993		-160.33147741
268.66220000		268.56971314		-160.37973420
268.59447000		268.55423075		-160.41997345
268.59447000		268.50197634		-160.47222786
268.75262000		268.69636140		-160.52848646
268.75262000		268.64010223		-160.58474563
268.80101000		268.74474971		-160.64100591
268.80101000		268.68848942		-160.69726620
268.72922000		268.67296084		-160.75352537
268.72922000		268.61668201		-160.80980419
268.74856000		268.69229915		-160.86606504
268.74856000		268.63605965		-160.92230454
269.36130000		269.30504365		-160.97856090
269.36130000		269.24879628		-161.03480826
268.94091000		268.88467162		-161.09104664
268.94091000		268.82843325		-161.14728502
269.20194000		269.14567746		-161.20354755
269.20194000		269.08943740		-161.25978761
269.34266000		269.28640645		-161.31604116
269.34266000		269.23015740		-161.37229021
269.31660000		269.26034589		-161.42854432
269.31660000		269.20409122		-161.48479899
269.35665000		269.30039983		-161.54104916
269.35665000		269.24415246		-161.59729653
269.27834000		269.22210162		-161.65353490
269.27834000		269.22591960		-161.64971693
269.21779000		269.22060773		-161.64689920
269.21779000		269.24245567		-161.62505125
269.41758000		269.44042991		-161.60220135
269.41758000		269.46827634		-161.57435492
269.35237000		269.41527608		-161.51144884
269.35237000		269.47815578		-161.44856914
269.23039000		269.29327033		-161.38568881
269.23039000		269.35615317		-161.32280597
268.43975000		268.50264917		-161.25990680
268.43975000		268.56554081		-161.19701516
267.82059000		267.88348289		-161.13412227
267.82059000		267.94637578		-161.07122938
266.29587000		266.35877483		-161.00832455
266.29587000		266.42166520		-160.94543418
264.39047000		264.45334530		-160.88255887
264.39047000		264.51623882		-160.81966536
261.72085000		261.78375545		-160.75675990
261.72085000		261.84664646		-160.69386890
258.17374000		258.23662661		-160.63098229
258.17374000		258.29950003		-160.56810887
254.65087000		254.71375158		-160.50522728
254.65087000		254.77663317		-160.44234570
250.92686000		250.98974535		-160.37946035
250.92686000		251.05262694		-160.31657876
244.79929000		244.86217284		-160.25369592
244.79929000		244.92506008		-160.19080869
239.86610000		239.92899163		-160.12791705
239.86610000		239.99188390		-160.06502479
234.35790000		234.42079101		-160.00213378
234.35790000		234.48368264		-159.93924215
229.29149000		229.27828641		-159.95244574
229.29149000		229.26808705		-159.96264510
222.18423000		222.17402972		-159.97284538
222.18423000		222.16383046		-159.98304464
216.81822000		216.80802054		-159.99324410
216.81822000		216.79781863		-160.00344601
212.63083000		212.62063064		-160.01364537
212.63083000		212.61043321		-160.02384279
206.39979000		206.38959339		-160.03403941
206.39979000		206.37939678		-160.04423602
201.99750000		201.98730349		-160.05443253
201.99750000		201.97710729		-160.06462873
198.87014000		198.85994257		-160.07482615
198.87014000		198.84974423		-160.08502450
195.63037000		195.62016891		-160.09522559
195.63037000		195.60996782		-160.10542668
192.93441000		192.92421135		-160.11562533
192.93441000		192.91401586		-160.12582082
191.42310000		191.41290054		-160.13602028
191.42310000		191.40269995		-160.14622087
189.51683000		189.50663420		-160.15641666
189.51683000		189.49643515		-160.16661572
188.63647000		188.62627492		-160.17681080
188.63647000		188.61608004		-160.18700568
187.28928000		187.27908594		-160.19719974
187.28928000		187.26889157		-160.20739411
186.54959000		186.53939604		-160.21758808
186.54959000		186.52919810		-160.22778601
185.49915000		185.48895471		-160.23798130
185.49915000		185.47875983		-160.24817618
184.69645000		184.68625614		-160.25837004
184.69645000		184.67606218		-160.26856400
183.80364000		183.78943727		-160.28276673
183.80364000		183.77423147		-160.29797254
183.65561000		183.60235214		-160.35123040
183.65561000		183.54911182		-160.40447071
182.75125000		182.69800490		-160.45771581
182.75125000		182.64474704		-160.51097368
181.54795000		181.49471181		-160.56421186
181.54795000		181.44145236		-160.61747132
179.48310000		179.42984480		-160.67072652
179.48310000		179.37659012		-160.72398120
176.25217000		176.19890841		-160.77724278
176.25217000		176.14567236		-160.83047884
173.12842000		173.07518447		-160.88371437
173.12842000		173.02192714		-160.93697170
169.11354000		169.06028533		-160.99022637
169.11354000		169.00703066		-161.04348104
163.69443000		163.64119235		-161.09671869
163.69443000		163.58795416		-161.14995688
158.08921000		158.03595586		-161.20321102
158.08921000		157.98270119		-161.25646569
153.29928000		153.24602746		-161.30971824
153.29928000		153.19277119		-161.36297451
147.61263000		147.55937214		-161.41623237
147.61263000		147.50612119		-161.46948332
143.29525000		143.24198469		-161.52274863
143.29525000		143.18872842		-161.57600490
137.36143000		137.30819447		-161.62924042
137.36143000		134.44400523		-164.49342967
133.23768000		130.40408849		-167.32702117
133.23768000		127.57044036		-170.16066930
128.01046000		125.18687699		-172.98425231
128.01046000		122.36323756		-175.80789174
122.85974000		120.03615699		-178.63147475
122.85974000		117.21240471		-181.45522703
118.59204000		115.76825951		-184.27900752
118.59204000		112.94456366		-187.10270337
113.89247000		111.06883057		-189.92634280
113.89247000		108.24519114		-192.74998223
110.03757000		107.21378951		-195.57376272
110.03757000		104.38879591		-198.39875632
106.21785000		103.39404130		-201.22256503
106.21785000		100.57020438		-204.04640194
102.30903000		99.48539057		-206.87004137
102.30903000		96.66172293		-209.69370901
99.06899000		96.24529415		-212.51740487
99.06899000		93.42162650		-215.34107251
96.11605000		93.29241057		-218.16471194
96.11605000		90.46882756		-220.98829495
95.11269000		92.28910699		-223.81187796
95.11269000		89.46541114		-226.63557381
94.11163000		91.28801878		-229.45918503
94.11163000		88.46404081		-232.28316300
92.63820000		92.16142453		-232.75993847
92.63820000		91.69362285		-233.22774016
91.74550000		91.28268181		-233.69055835
91.74550000		90.81889467		-234.15434549
91.02774000		90.56409181		-234.61799368
91.02774000		90.10042047		-235.08166502
90.11754000		89.65389645		-235.54530857
90.11754000		89.19015099		-236.00905403
89.50805000		89.04440645		-236.47269758
89.50805000		88.58074900		-236.93635503
89.59776000		89.13389875		-237.40021628
89.59776000		88.67011161		-237.86400342
89.06213000		88.59848181		-238.32765161
89.06213000		88.13481973		-238.79131369
89.93094000		89.46729645		-239.25495724
89.93094000		89.00365753		-239.71859616
89.25422000		88.79057182		-240.18224435
89.25422000		88.32673836		-240.64607780
89.21915000		88.75551108		-241.10971673
89.21915000		88.29169615		-241.57353166
88.90977000		88.44588559		-242.03741607
88.90977000		87.98210771		-242.50119394
90.19498000		89.73134108		-242.96483286
90.19498000		89.26756783		-243.42860611
89.40557000		88.94191718		-243.89225893
89.40557000		88.47791698		-244.35625913
89.46314000		88.99930191		-244.82009722
89.46314000		88.53567225		-245.28372688
89.80527000		89.34153381		-245.74746307
89.80527000		88.87770498		-246.21129190
89.19703000		88.73322433		-246.67509757
89.19703000		88.26940477		-247.13891713
89.74595000		89.28230181		-247.60256531
89.74595000		88.81849152		-248.06637561
90.08447000		89.62067360		-248.53017202
90.08447000		89.15688182		-248.99396379
89.87439000		89.41059823		-249.45775556
89.87439000		88.94678793		-249.92156586
89.42288000		88.95923182		-250.38521405
89.42288000		88.49525477		-250.84919109
90.03357000		89.56981065		-251.31295044
90.03357000		89.10599109		-251.77677001
89.99548000		89.53183645		-252.24041356
89.99548000		89.06799372		-252.70425628
90.52391000		90.06016455		-253.16800174
90.52391000		89.59640983		-253.63175645
89.67119000		89.20739360		-254.09555286
89.67119000		88.74361109		-254.55933537
90.02957000		89.56600519		-255.02290018
90.02957000		89.10239406		-255.48651131
90.15078000		89.68714571		-255.95014560
90.15078000		89.22341415		-256.41387716
90.71884000		89.36401765		-257.76869951
90.71884000		88.27240450		-258.86031265
89.95907000		89.06204259		-259.75734007
89.95907000		88.32211101		-260.49727164
89.76925000		89.16745179		-261.09906985
89.76925000		88.58767023		-261.67885141
90.87087000		90.29108265		-262.25863876
90.87087000		89.71111575		-262.83860566
90.18081000		89.60087206		-263.41854361
90.18081000		89.02112525		-263.99829041
90.37490000		89.79486939		-264.57832102
90.37490000		89.21512258		-265.15806783
90.32523000		89.74545423		-265.73784360
90.32523000		89.16549892		-266.31779892
90.92539000		90.34544048		-266.89774844
90.92539000		89.76568787		-267.47750104
90.44090000		89.86113002		-268.05727102
90.44090000		89.28135425		-268.63704679
90.36975000		89.78998002		-269.21681677
90.36975000		89.21020425		-269.79659254
90.39683000		89.81706581		-270.37635672
90.39683000		89.23710471		-270.95631783
90.86233000		90.28256581		-271.53608201
90.86233000		89.70279584		-272.11585199
90.27467000		89.69492319		-272.69559880
90.27467000		89.11514163		-273.27538036
89.85726000		89.87810268		-273.25453768
89.85726000		89.89193481		-273.24070555
91.24571000		91.26654477		-273.21987077
91.24571000		91.29540069		-273.19101485
90.73339000		90.75723167		-273.16717318
90.73339000		90.78607145		-273.13833340
90.81539000		90.84424332		-273.10948008
90.81539000		90.87308599		-273.08063741
90.56620000		90.59505246		-273.05178495
90.56620000		90.62389426		-273.02294316
90.29759000		90.32643295		-272.99410021
90.29759000		90.35528512		-272.96524803
90.62027000		90.64911266		-272.93640537
90.62027000		90.67796887		-272.90754917
89.79263000		89.82148246		-272.87869671
89.79263000		89.85032483		-272.84985433
89.51877000		89.54761353		-272.82101081
89.51877000		89.57645590		-272.79216843
90.38084000		90.40968266		-272.76332577
90.38084000		90.43853397		-272.73447446
89.31629000		89.34514793		-272.70561653
89.58005000		89.60890938		-272.67675715
89.58005000		89.63775895		-272.64790758
89.58005000		89.66661228		-272.61905425
89.04470000		89.07354266		-272.59021159
89.04470000		89.10239743		-272.56135682
89.52053000		89.54937410		-272.53251272
89.52053000		89.57821734		-272.50366948
90.10142000		90.13026410		-272.47482538
90.10142000		90.15911743		-272.44597206
89.17387000		89.18869981		-272.43114224
89.17387000		89.20353941		-272.41630265
88.83623000		88.85806660		-272.39446605
88.83623000		88.88190589		-272.37062676
88.56838000		88.59221929		-272.34678747
88.56838000		88.61606597		-272.32294079
89.18893000		89.21277715		-272.29909364
89.18893000		89.23661597		-272.27525483
88.17685000		88.20069715		-272.25140768
88.17685000		88.22453406		-272.22757077
90.57795000		90.60179120		-272.20372957
90.57795000		90.62563406		-272.17988671
88.33506000		88.35889620		-272.15605051
88.33506000		88.38273334		-272.13221337
89.76736000		89.79120525		-272.10836812
89.76736000		89.81505168		-272.08452168
89.10466000		89.12849858		-272.06068311
88.50404000		88.52788286		-272.03684024
88.50404000		88.55172716		-272.01299595
88.50404000		88.57556621		-271.98915690
89.39391000		89.41775739		-271.96530951
89.39391000		89.44159620		-271.94147070
88.43660000		88.46044715		-271.91762354
88.43660000		88.48428597		-271.89378473
88.45097000		88.47481001		-271.86994472
88.45097000		88.49865192		-271.84610281
88.69533000		88.71917596		-271.82225685
88.59006000		88.61389977		-271.79841709
88.59006000		88.63774287		-271.77457398
89.14674000		89.17057881		-271.75073517
89.14674000		89.19442335		-271.72689064
87.22421000		87.24804858		-271.70305206
87.22421000		87.27189406		-271.67920658
87.22421000		87.29574407		-271.65535657
89.78935000		89.71305834		-271.73164823
89.78935000		89.63679335		-271.80791322
88.48010000		88.40383348		-271.88417974
88.48010000		88.32750678		-271.96050645
88.19831000		88.12203586		-272.03678058
87.80798000		87.73172034		-272.11304024
87.80798000		87.65546982		-272.18929076
87.80798000		87.57921016		-272.26555042
88.53112000		88.45486034		-272.34181009
88.53112000		88.37860068		-272.41806975
88.52196000		88.44570110		-272.49432865
87.89292000		87.81666339		-272.57058526
87.89292000		87.74040906		-272.64683959
87.59474000		87.51848415		-272.72309544
87.59474000		87.44224125		-272.79933834
86.29866000		86.22240262		-272.87559572
86.29866000		86.14614982		-272.95184852
86.73101000		86.69679252		-272.98606600
86.73101000		86.66758184		-273.01527668
86.73101000		86.63336471		-273.04949381
84.30936000		84.27012014		-273.08873367
82.63184000		82.59961509		-273.12095858
82.63184000		82.56639724		-273.15417644
81.51735000		81.49113881		-273.18038762
81.51735000		81.45792428		-273.21360216
78.56723000		78.54001890		-273.24081325
78.56723000		78.51679588		-273.26403628
78.56723000		78.49357912		-273.28725304
73.26243000		73.23920211		-273.31048093
73.26243000		73.21598326		-273.33369978
70.59878000		70.57557205		-273.35690774
70.02335000		70.00014228		-273.38011546
70.02335000		69.97693456		-273.40332318
70.65487000		70.63165834		-273.42653484
70.65487000		70.60845456		-273.44973862
70.16066000		70.13744834		-273.47295028
70.16066000		70.11424131		-273.49615731
71.24257000		71.21936205		-273.51936526
71.24257000		71.19614946		-273.54257785
71.24257000		71.17294498		-273.56578233
70.42895000		70.40574738		-273.58898495
70.42895000		70.38253479		-273.61219754
71.89929000		71.87608251		-273.63540503
74.74230000		74.71908208		-273.65862295
74.74230000		74.69587482		-273.68183021
77.26873000		77.24552344		-273.70503677
77.26873000		77.22231943		-273.72824078
77.26873000		77.19910266		-273.75145755
76.81218000		76.78896277		-273.77467477
76.81218000		76.76576131		-273.79787623
78.64779000		78.62457787		-273.82108836
78.64779000		78.60137108		-273.84429515
81.01905000		80.99583254		-273.86751261
83.96216000		83.93894463		-273.89072799
83.96216000		83.91573644		-273.91393617
82.72004000		82.70183427		-273.93214190
82.72004000		82.68463140		-273.94934477
84.81689000		84.78366020		-273.98257457
84.81689000		84.76044483		-274.00578995
84.81689000		84.73722946		-274.02900532
88.62267000		88.59946297		-274.05221234
88.62267000		88.57625595		-274.07541937
89.40802000		89.38480347		-274.09863590
90.26065000		90.23744181		-274.12184409
90.26065000		90.21423015		-274.14505575
92.21975000		92.19653161		-274.16827414
92.21975000		92.17331833		-274.19148742
92.21975000		92.15010782		-274.21469792
93.08967000		93.06644814		-274.23791979
93.08967000		93.04322998		-274.26113794
94.53796000		94.51474231		-274.28435563
94.53796000		94.49152670		-274.30757124
96.09677000		96.07356112		-274.33078012
98.09072000		98.06750463		-274.35399549
98.09072000		98.04429691		-274.37720321
97.18346000		96.92391992		-274.63674330
97.18346000		96.62332967		-274.93733355
98.61733000		98.22775971		-275.32690384
98.61733000		97.74807635		-275.80658719
101.42956000		100.84457467		-276.39157252
101.42956000		100.16573861		-277.07040858
101.42956000		99.37151454		-277.86463265
100.11873000		99.24770092		-278.73566173
100.91349000		99.94777195		-279.70137979
100.91349000		98.77946645		-280.86968529
100.04642000		98.78394859		-282.13215669
100.04642000		97.52152763		-283.39457766
100.04642000		96.25877876		-284.65732653
100.61661000		99.35415120		-285.91978532
100.61661000		98.09167979		-287.18225673
100.24516000		98.98231024		-288.44510650
100.24516000		97.71948570		-289.70793104
98.77903000		97.51657120		-290.97038983
97.48796000		96.22503456		-292.23331527
97.48796000		94.96261360		-293.49573623
96.22140000		94.95852501		-294.75861122
96.22140000		93.69609144		-296.02104479
93.81571000		92.55317553		-297.28357926
93.81571000		91.29072935		-298.54602544
93.10135000		91.83863897		-299.80873648
93.10135000		90.57582704		-301.07154841
93.10135000		89.31296466		-302.33441078
92.29554000		91.03263979		-303.59731099
90.34408000		89.08163382		-304.85975718
90.34408000		87.81916241		-306.12222859
89.62521000		88.36238546		-307.38505313
89.62521000		89.27133523		-306.47610336
89.62521000		90.19902143		-305.54841715
87.93164000		88.86570497		-304.61435218
87.93164000		89.78441943		-303.69563772
89.62353000		90.53958000		-302.77958772
89.62353000		91.43658643		-301.88258129
89.36267000		90.23131810		-301.01393319
89.50314000		90.37184885		-300.14522434
89.50314000		91.24054034		-299.27653284
90.86438000		91.73305414		-298.40785871
90.86438000		92.60171092		-297.53920193
91.34997000		92.21867017		-296.67050175
91.34997000		93.08718810		-295.80198382
91.34997000		93.95591431		-294.93325762
92.21163000		93.08025207		-294.06463555
94.57422000		95.44289414		-293.19596141
94.57422000		96.31185465		-292.32700090
95.33936000		96.20825109		-291.45810981
95.33936000		97.07685580		-290.58950510
96.12708000		96.99567603		-289.72090906
96.12708000		97.86465391		-288.85193119
96.43904000		97.30796580		-287.98300539
96.43904000		98.17718666		-287.11378453
96.43904000		99.04578270		-286.24518849
95.85008000		96.71865868		-285.37660982
93.49870000		94.36729603		-284.50801378
93.49870000		95.23585735		-283.63945246
91.49094000		92.35951000		-282.77088246
91.49094000		93.22806264		-281.90232982
90.49767000		91.36620529		-281.03379453
90.49767000		92.23471454		-280.16528528
88.15817000		89.02713919		-279.29631609
88.15817000		89.89580465		-278.42765063
88.15817000		90.19400086		-278.12945442
86.83659000		87.02264284		-277.94340158
83.75283000		83.85674985		-277.83948173
83.75283000		83.94765204		-277.74857955
83.00371000		83.09461491		-277.65767464
83.00371000		83.18551164		-277.56677791
81.75953000		81.85044126		-277.47586664
81.75953000		81.94134072		-277.38496718
80.45289000		80.54378401		-277.29407317
80.45289000		80.63471707		-277.20314012
80.88180000		80.97273215		-277.11220796
80.88180000		81.06365795		-277.02128217
81.37140000		81.46234123		-276.93034094
81.37140000		81.55328791		-276.83939426
82.60950000		82.70040400		-276.74849026
82.60950000		82.79130164		-276.65759261
84.70832000		84.79921855		-276.56669406
84.70832000		84.89014525		-276.47576736
85.85092000		85.94182127		-276.38486609
85.85092000		86.03272073		-276.29396663
88.46915000		88.56005037		-276.20306626
88.46915000		88.65094801		-276.11216862
89.57355000		89.66445309		-276.02126553
89.57355000		89.75535346		-275.93036517
92.60389000		92.01896893		-276.51528624
92.60389000		91.49228405		-277.04197111
92.16717000		91.78458371		-277.42455741
92.16717000		91.48698859		-277.72215252
93.41398000		93.11651565		-278.01961688
93.41398000		92.81902752		-278.31710501
94.22181000		93.92432187		-278.61459314
94.22181000		93.62677728		-278.91213773
93.16573000		92.86817055		-279.20969718
93.16573000		92.57070025		-279.50716748
91.83777000		91.54018974		-279.80474774
91.83777000		91.24261246		-280.10232502
90.94596000		90.64849862		-280.39978640
90.94596000		90.35103724		-280.69724778
90.04888000		89.75143051		-280.99469728
90.04888000		89.45397804		-281.29214975
89.82095000		89.52350051		-281.58959924
89.82095000		89.22593214		-281.88716761
88.84511000		88.54752974		-282.18474786
88.84511000		88.25003864		-282.48223897
88.14823000		87.85075673		-282.77971223
88.14823000		87.55328940		-283.07717956
87.24180000		86.94432376		-283.37465580
87.24180000		86.64682969		-283.67214987
86.82456000		86.52697083		-283.96973905
86.82456000		86.22948270		-284.26722717
86.21932000		85.92162979		-284.56491739
86.21932000		85.22158479		-285.26496239
85.80155000		85.02420848		-286.04230390
85.80155000		84.22588351		-286.84062888
85.52188000		84.73066776		-287.63184112
85.52188000		83.93973208		-288.42277679
83.78653000		82.99552321		-289.21378359
83.78653000		82.20433467		-290.00497212
82.67379000		81.88252245		-290.79623967
82.67379000		81.09159467		-291.58716745
80.50909000		79.71812272		-292.37813473
80.50909000		78.92713173		-293.16912572
78.37274000		77.58177272		-293.96009300
78.37274000		76.79090026		-294.75096546
75.47643000		74.68558124		-295.54181422
75.47643000		73.89439271		-296.33300275
72.27620000		71.48513789		-297.12406486
72.27620000		70.69398887		-297.91521389
67.09791000		66.30668196		-298.70644193
67.09791000		65.51540650		-299.49771738
64.23317000		63.44187084		-300.28901655
64.23317000		62.65058748		-301.08029990
61.90422000		61.11325272		-301.87126719
61.90422000		60.32198516		-302.66253474
57.41505000		56.62375874		-303.45382600
57.41505000		55.83251489		-304.24506985
54.19035000		53.39910615		-305.03631369
54.19035000		52.60816257		-305.82725727
50.77732000		49.98604454		-306.61853273
50.77732000		49.19499824		-307.40957903
46.05181000		45.26063727		-308.20075176
46.05181000		44.46940132		-308.99198771
44.07580000		43.28451664		-309.78327106
44.07580000		42.49388914		-310.57389857
39.89468000		40.70651663		-309.76206194
39.89468000		41.51838569		-308.95019288
37.73222000		38.54385392		-308.13855896
37.73222000		39.35576352		-307.32664936
34.87078000		35.68236527		-306.51506408
34.87078000		36.49425055		-305.70317881
31.19216000		32.00376149		-304.89157732
31.19216000		32.81562244		-304.07971636
29.90573000		30.71759095		-303.26785541
29.90573000		31.52962217		-302.45582419
27.19616000		28.00781014		-301.64417405
27.19616000		28.81971163		-300.83227256
24.93577000		25.74696608		-300.02107648
24.93577000		26.55886758		-299.20917498
24.79131000		25.60288717		-298.39759782
24.79131000		26.41442379		-297.58606119
22.34491000		23.15642230		-296.77454889
22.34491000		23.96828325		-295.96268794
21.43271000		22.24464392		-295.15075402
21.43271000		23.05655352		-294.33884442
19.43443000		20.24602338		-293.52725103
19.43443000		21.05760055		-292.71567387
18.20068000		19.01220852		-291.90414535
18.20068000		19.82373703		-291.09261683
16.37169000		17.18323473		-290.28107210
16.37169000		16.90179386		-290.56251298
14.25468000		13.95723348		-290.85995950
14.25468000		13.62676122		-291.19043176
13.79173000		13.46225861		-291.51990315
13.79173000		13.13279380		-291.84936796
11.90056000		11.57109190		-292.17883606
11.90056000		11.24162380		-292.50830416
9.85109000		9.52162190		-292.83777226
9.85109000		9.19214722		-293.16724694
8.82683000		8.49735861		-293.49671833
8.82683000		8.16789380		-293.82618314
7.95730000		7.62783848		-294.15564465
7.95730000		7.29837368		-294.48510946
6.47467000		6.14520848		-294.81457098
6.47467000		5.81573051		-295.14404895
4.50827000		4.17879861		-295.47352034
4.50827000		3.84933051		-295.80298844
3.62000000		3.29043315		-296.13255530
3.62000000		2.96070828		-296.46228016
2.09842000		1.76890252		-296.79179764
2.09842000		1.43930604		-297.12139412
0.12418000		-0.20534735		-297.45092147
0.12418000		-0.53486154		-297.78043565
359.37689000		359.04727706		-298.11004859
359.37689000		358.71775300		-298.43957266
357.30417000		355.53786798		-300.20587468
357.30417000		353.80621024		-301.93753241
356.02442000		354.28558467		-303.67636774
356.02442000		352.52622076		-305.43573165
354.46503000		352.70552552		-307.19523613
354.46503000		350.94595074		-308.95481090
353.85115000		352.09141708		-310.71454382
353.85115000		350.33208832		-312.47387259
352.08603000		350.32719325		-314.23270934
352.08603000		348.56805777		-315.99184482
349.87097000		348.11193996		-317.75087486
349.87097000		346.35234761		-319.51046720
348.84096000		347.08182452		-321.26960268
348.84096000		345.32268905		-323.02873815
347.94322000		346.18361008		-324.78834807
347.94322000		344.42392988		-326.54802827
345.84571000		344.08606494		-328.30767333
345.84571000		342.32673618		-330.06700210
344.94137000		343.18218181		-331.82619029
344.94137000		341.42225560		-333.58611650
343.66018000		341.90018350		-335.34611299
343.66018000		340.14073174		-337.10556476
342.02475000		340.26563210		-338.86468266
342.02475000		338.50605732		-340.62425744
340.36061000		338.60101766		-342.38384978
340.36061000		336.84219847		-344.14266896
339.57371000		338.79078192		-344.92559704
339.57371000		338.03588799		-345.68049097
337.45134000		336.69624998		-346.43558099
337.45134000		335.93535801		-347.19647297
336.46603000		335.70487196		-347.95763100
336.46603000		334.94394958		-348.71855338
333.12959000		332.36866002		-349.47948336
333.12959000		331.60728153		-350.24086185
331.73611000		330.98496476		-350.99200709
331.73611000		330.25083395		-351.72613790
327.36373000		326.63220134		-352.45766656
327.36373000		325.90016817		-353.18969973
325.05287000		324.32100500		-353.92156473
325.05287000		323.58915462		-354.65341511
323.11896000		322.38708037		-355.38529474
323.11896000		321.65510569		-356.11726942
319.71622000		318.98420876		-356.84928066
319.71622000		318.25231451		-357.58117490
317.65891000		316.92703769		-358.31304722
317.65891000		316.19517268		-359.04491222
311.92248000		311.19060037		-359.77679185
311.92248000		310.45864763		-360.50874459
308.93500000		308.20279865		-361.24094594
308.93500000		307.47054612		-361.97319847
305.85377000		305.12167833		-362.70529014
305.85377000		304.38944774		-363.43752073
302.61579000		301.88356672		-364.16974401
302.61579000		301.15153354		-364.90177719
298.52686000		297.79505349		-365.63358370
298.52686000		297.06323236		-366.36540483
297.36098000		296.62912231		-367.09726252
297.36098000		295.89695021		-367.82943462
293.34374000		292.61160446		-368.56157016
293.34374000		291.87945430		-369.29372032
290.49469000		289.76277382		-370.02563651
290.49469000		289.03090881		-370.75750151
288.46013000		287.72827962		-371.48935189
288.46013000		286.99646580		-372.22116571
285.06951000		284.35871424		-372.93196147
285.06951000		283.63387023		-373.65680547
282.88183000		282.15991660		-374.37871887
282.88183000		281.43798878		-375.10064669
280.82278000		280.10089545		-375.82253124
280.82278000		279.37854934		-376.54487735
278.70648000		277.98458103		-377.26677632
278.70648000		277.26248733		-377.98887002
276.70898000		275.98682140		-378.71102861
276.70898000		275.26467001		-379.43318000
274.97473000		274.25255698		-380.15535303
274.97473000		273.53067964		-380.87723036
273.46058000		272.73850073		-381.59930963
273.46058000		272.01663782		-382.32117255
272.58596000		271.86376534		-383.04336721
272.58596000		271.14163559		-383.76549696
270.79971000		270.07743601		-384.48777095
270.79971000		269.35530626		-385.20990070
272.17480000		271.45292987		-385.93177083
272.17480000		270.73105975		-386.65364095
271.58738000		270.86538006		-387.37564089
271.58738000		270.14360369		-388.09741726
270.42182000		269.70005805		-388.81917921
270.42182000		268.97827447		-389.54096279
270.75499000		270.03319920		-390.26275359
270.75499000		269.31117042		-390.98478238
271.61216000		270.88998698		-391.70695540
271.61216000		270.16783559		-392.42910679
271.34705000		270.62494188		-393.15121490
271.34705000		269.90307176		-393.87308503
271.40056000		270.67837255		-394.59527248
271.40056000		269.33727252		-395.93637251
271.20387000		269.80577223		-397.33447028
271.20387000		268.40780011		-398.73244240
271.74587000		270.34786996		-400.13044244
271.74587000		268.94988388		-401.52842852
272.02940000		270.63187466		-402.92595386
272.02940000		269.23429348		-404.32353504
270.72435000		269.32675485		-405.72113019
270.72435000		267.92922952		-407.11865553
271.06619000		269.66837146		-408.51647406
271.06619000		268.27060877		-409.91423675
272.08800000		270.69055843		-411.31167832
272.08800000		269.29278178		-412.70945497
270.40316000		269.00535543		-414.10725955
270.40316000		267.60745312		-415.50516185
272.07298000		270.67542674		-416.90271511
272.07298000		269.27771990		-418.30042196
270.77363000		269.37564392		-419.69840803
270.77363000		267.97739257		-421.09665939
272.27409000		270.87629939		-422.49445000
272.27409000		269.47878801		-423.89196138
270.93736000		269.53987655		-425.28944483
270.93736000		268.14208594		-426.68723544
271.11208000		269.60921367		-428.19010177
271.11208000		268.11722555		-429.68208989
272.88081000		271.38917952		-431.17372037
272.88081000		269.89757884		-432.66532105
272.09835000		270.60663011		-434.15704094
272.09835000		269.11471649		-435.64895455
271.45189000		270.14543897		-436.95540558
271.45189000		268.83900099		-438.26184356
270.05960000		268.75292709		-439.56851647
270.05960000		267.44612366		-440.87531990
272.08266000		270.77636559		-442.18161431
272.08266000		269.46954911		-443.48843079
273.33475000		272.02772469		-444.79545610
273.33475000		270.72071243		-446.10246836
266.38863000		265.08173521		-447.40936315
266.38863000		263.77504924		-448.71604911
274.21268000		272.90566774		-450.02306137
274.21268000		271.59862938		-451.33009974
272.51729000		271.21025164		-452.63713810
272.51729000		269.90326548		-453.94412425
267.65113000		266.34496611		-455.25028814
267.65113000		265.03811047		-456.55714378
264.91418000		263.60737657		-457.86394721
264.91418000		262.30059924		-459.17072453
270.94653000		269.63972657		-460.47752796
270.94653000		268.33294924		-461.78430529
270.94653000		269.63972657		-463.09110872
270.94653000		268.33285788		-464.39797741
270.94653000		269.63973962		-465.70476778
270.94653000		268.33284483		-467.01166258
270.94653000		270.97037429		-466.98781828
270.94653000		270.97719658		-466.98099599
270.94653000		270.96136337		-466.96616262
270.94653000		270.98520123		-466.94232476
270.94653000		270.97336994		-466.91548482
270.94653000		271.00021578		-466.88863898
270.94653000		270.97338227		-466.86178671
270.94653000		271.00022999		-466.83493900
270.94653000		270.97338335		-466.80808565
270.94653000		271.00023535		-466.78123365
270.94653000		270.97338066		-466.75438298
270.94653000		271.00023106		-466.72753259
270.94653000		270.97338120		-466.70068139
270.94653000		271.00023106		-466.67383153
270.94653000		270.97338147		-466.64698006
270.94653000		271.00023294		-466.62012859
270.94653000		270.97337101		-466.59328758
270.94653000		271.00022328		-466.56643531
270.94653000		270.97337155		-466.53959376
270.94653000		271.00021309		-466.51275221
270.94653000		270.97338200		-466.48590021
270.94653000		271.00023294		-466.45904928
270.94653000		270.97337771		-466.43220156
270.94653000		271.00022570		-466.40535358
270.94653000		270.97338254		-466.37850104
270.94653000		271.00023133		-466.35165225
270.94653000		270.97337476		-466.32480749
270.94653000		270.96618107		-466.33200118
270.94653000		270.94734590		-466.33118529
270.94653000		270.95416914		-466.32436204
270.94653000		270.95335202		-466.31754002
270.94653000		270.96017683		-466.31071521
270.94653000		270.95335338		-466.30389182
270.94653000		270.96017479		-466.29707042
270.94653000		270.95335175		-466.29024867
270.94653000		270.96017513		-466.28342529
270.94653000		270.95335325		-466.27660204
270.94653000		270.96017717		-466.26977811
270.94653000		270.95335502		-466.26295310
270.94653000		270.96017908		-466.25612903
270.94653000		270.95335386		-466.24930517
270.94653000		270.96017608		-466.24248295
270.94653000		270.95335209		-466.23566086
270.94653000		270.96017418		-466.22883877
