37.23916930		126.77313740		26.45726000		10		0		0		0
37.23917420		126.77314030		25.82859000		11		0		0		0
37.23917920		126.77314340		25.97354000		11		0		0		0
37.23918450		126.77314620		26.34586000		12		0		0		0
37.23918990		126.77314950		26.10731000		12		0		0		0
37.23919560		126.77315300		26.41982000		12		0		0		0
37.23920140		126.77315660		26.21768000		13		0		0		0
37.23920740		126.77316040		26.64784000		13		0		0		0
37.23921360		126.77316360		26.55483000		13		0		0		0
37.23921990		126.77316740		26.64705000		14		0		0		0
37.23923280		126.77317560		26.94685000		14		0		0		0
37.23923940		126.77317980		26.85174000		14		0		0		0
37.23924610		126.77318370		27.11705000		15		0		0		0
37.23925290		126.77318800		27.11764000		15		0		0		0
37.23925990		126.77319250		27.39624000		15		0		0		0
37.23926700		126.77319710		27.27772000		16		0		0		0
37.23927420		126.77320180		27.45462000		16		0		0		0
37.23928160		126.77320620		27.25617000		16		0		0		0
37.23928910		126.77321090		27.08018000		16		0		0		0
37.23929660		126.77321580		27.74578000		16		0		0		0
37.23930420		126.77322080		27.31547000		17		0		0		0
37.23931180		126.77322570		27.37554000		17		0		0		0
37.23931960		126.77323060		27.51077000		17		0		0		0
37.23932750		126.77323570		27.59782000		17		0		0		0
37.23933550		126.77324090		27.68101000		17		0		0		0
37.23934350		126.77324620		27.75246000		18		0		0		0
37.23935150		126.77325150		27.72570000		18		0		0		0
37.23935970		126.77325660		27.82158000		18		0		0		0
37.23936790		126.77326210		28.27133000		18		0		0		0
37.23937620		126.77326760		27.91728000		18		0		0		0
37.23938450		126.77327310		27.88498000		18		0		0		0
37.23939290		126.77327870		28.60202000		18		0		0		0
37.23940130		126.77328410		28.13169000		19		0		0		0
37.23940970		126.77328980		28.25275000		19		0		0		0
37.23941830		126.77329560		28.61757000		19		0		0		0
37.23942690		126.77330140		28.36069000		19		0		0		0
37.23943550		126.77330730		28.73904000		19		0		0		0
37.23944420		126.77331300		28.43451000		19		0		0		0
37.23945290		126.77331890		28.61489000		19		0		0		0
37.23946160		126.77332480		28.36078000		19		0		0		0
37.23947030		126.77333070		28.28232000		19		0		0		0
37.23947900		126.77333660		28.23705000		19		0		0		0
37.23948770		126.77334230		28.35752000		19		0		0		0
37.23949640		126.77334810		28.15588000		19		0		0		0
37.23950520		126.77335390		28.07831000		19		0		0		0
37.23951390		126.77335980		28.01256000		19		0		0		0
37.23952270		126.77336560		27.83076000		19		0		0		0
37.23953130		126.77337120		27.81234000		19		0		0		0
37.23954010		126.77337700		27.88162000		19		0		0		0
37.23954870		126.77338270		27.68989000		19		0		0		0
37.23955720		126.77338840		27.77633000		19		0		0		0
37.23956570		126.77339400		27.53387000		19		0		0		0
37.23957430		126.77339940		27.92074000		18		0		0		0
37.23958270		126.77340490		27.78058000		18		0		0		0
37.23959120		126.77341050		27.89761000		18		0		0		0
37.23959960		126.77341610		27.66252000		18		0		0		0
37.23960800		126.77342170		27.39978000		18		0		0		0
37.23961660		126.77342710		27.64268000		18		0		0		0
37.23962500		126.77343260		27.54874000		18		0		0		0
37.23963340		126.77343810		27.45552000		18		0		0		0
37.23964180		126.77344350		27.35072000		18		0		0		0
37.23965020		126.77344900		27.48674000		18		0		0		0
37.23965870		126.77345440		27.03818000		18		0		0		0
37.23966720		126.77345970		27.19110000		18		0		0		0
37.23967560		126.77346510		26.99992000		18		0		0		0
37.23968400		126.77347050		26.96087000		18		0		0		0
37.23969240		126.77347590		27.05358000		18		0		0		0
37.23970110		126.77348090		27.00792000		18		0		0		0
37.23970960		126.77348620		27.10625000		18		0		0		0
37.23971800		126.77349150		26.78954000		18		0		0		0
37.23972640		126.77349690		27.15446000		18		0		0		0
37.23973490		126.77350240		27.66084000		18		0		0		0
37.23974330		126.77350750		27.20675000		19		0		0		0
37.23975180		126.77351290		27.44705000		19		0		0		0
37.23976020		126.77351840		27.73626000		19		0		0		0
37.23976880		126.77352410		27.50641000		19		0		0		0
37.23977730		126.77352960		27.65726000		19		0		0		0
37.23978570		126.77353490		28.03060000		18		0		0		0
37.23979420		126.77354030		27.39107000		19		0		0		0
37.23980260		126.77354590		27.70556000		18		0		0		0
37.23981110		126.77355150		28.26679000		18		0		0		0
37.23981940		126.77355710		27.86124000		18		0		0		0
37.23982780		126.77356260		27.79189000		18		0		0		0
37.23983610		126.77356810		28.24067000		18		0		0		0
37.23984450		126.77357380		28.01217000		18		0		0		0
37.23985290		126.77357940		28.08892000		18		0		0		0
37.23986120		126.77358510		28.12646000		18		0		0		0
37.23986960		126.77359090		28.10738000		18		0		0		0
37.23987800		126.77359660		27.91839000		18		0		0		0
37.23988640		126.77360220		28.00832000		18		0		0		0
37.23989480		126.77360780		27.98971000		18		0		0		0
37.23990330		126.77361340		27.56044000		18		0		0		0
37.23991180		126.77361930		28.05864000		18		0		0		0
37.23992020		126.77362490		27.84984000		18		0		0		0
37.23992860		126.77363060		28.39012000		18		0		0		0
37.23993710		126.77363610		27.98185000		18		0		0		0
37.23994550		126.77364180		28.08944000		19		0		0		0
37.23995400		126.77364730		27.91884000		18		0		0		0
37.23996240		126.77365300		27.95993000		19		0		0		0
37.23997090		126.77365860		28.43505000		19		0		0		0
37.23997930		126.77366420		28.10410000		19		0		0		0
37.23998780		126.77366990		28.15744000		19		0		0		0
37.23999630		126.77367560		28.62351000		19		0		0		0
37.24000480		126.77368130		28.10072000		19		0		0		0
37.24001330		126.77368700		27.98469000		19		0		0		0
37.24002180		126.77369270		28.22836000		19		0		0		0
37.24003040		126.77369840		28.19548000		19		0		0		0
37.24003890		126.77370420		27.65528000		19		0		0		0
37.24004750		126.77371000		28.08191000		19		0		0		0
37.24005600		126.77371560		28.18272000		19		0		0		0
37.24006470		126.77372140		27.74541000		19		0		0		0
37.24007330		126.77372710		28.02396000		19		0		0		0
37.24008190		126.77373290		28.11399000		19		0		0		0
37.24009060		126.77373870		27.92910000		19		0		0		0
37.24009930		126.77374440		27.86606000		19		0		0		0
37.24010800		126.77375020		28.02727000		19		0		0		0
37.24011670		126.77375610		28.00869000		19		0		0		0
37.24012540		126.77376180		27.90128000		19		0		0		0
37.24013410		126.77376760		28.00443000		19		0		0		0
37.24014270		126.77377330		28.04448000		19		0		0		0
37.24015140		126.77377900		27.99441000		19		0		0		0
37.24016000		126.77378480		28.02759000		19		0		0		0
37.24016870		126.77379060		28.08629000		19		0		0		0
37.24017730		126.77379630		28.06566000		19		0		0		0
37.24018600		126.77380200		27.55116000		19		0		0		0
37.24019460		126.77380770		28.19324000		19		0		0		0
37.24020320		126.77381340		27.69676000		19		0		0		0
37.24021180		126.77381930		27.77811000		19		0		0		0
37.24022040		126.77382500		27.61037000		19		0		0		0
37.24022890		126.77383060		27.91616000		19		0		0		0
37.24023750		126.77383630		27.54187000		19		0		0		0
37.24024610		126.77384180		27.57789000		19		0		0		0
37.24025460		126.77384770		27.74148000		19		0		0		0
37.24026320		126.77385340		27.50665000		19		0		0		0
37.24027180		126.77385900		27.63427000		19		0		0		0
37.24028050		126.77386460		27.57052000		19		0		0		0
37.24028920		126.77387030		27.51348000		19		0		0		0
37.24029780		126.77387620		27.53147000		19		0		0		0
37.24030650		126.77388180		27.38868000		19		0		0		0
37.24031530		126.77388750		27.33630000		19		0		0		0
37.24032410		126.77389320		27.21764000		19		0		0		0
37.24033300		126.77389890		27.38979000		19		0		0		0
37.24034190		126.77390500		27.28933000		20		0		0		0
37.24035090		126.77391080		27.13760000		20		0		0		0
37.24035990		126.77391670		27.71825000		20		0		0		0
37.24036890		126.77392260		27.38662000		20		0		0		0
37.24037800		126.77392850		27.18007000		20		0		0		0
37.24038710		126.77393470		27.87282000		20		0		0		0
37.24039620		126.77394080		27.81792000		20		0		0		0
37.24040540		126.77394670		27.66409000		20		0		0		0
37.24041460		126.77395270		27.80242000		20		0		0		0
37.24042380		126.77395880		27.75800000		20		0		0		0
37.24043300		126.77396520		27.18892000		21		0		0		0
37.24044230		126.77397130		27.22064000		20		0		0		0
37.24045170		126.77397740		27.59045000		20		0		0		0
37.24046100		126.77398350		27.54037000		21		0		0		0
37.24047050		126.77398950		27.39569000		21		0		0		0
37.24047990		126.77399580		27.21572000		21		0		0		0
37.24048950		126.77400190		27.65189000		21		0		0		0
37.24049900		126.77400810		27.11188000		21		0		0		0
37.24050850		126.77401440		27.56056000		21		0		0		0
37.24051800		126.77402050		27.44740000		21		0		0		0
37.24052760		126.77402690		27.23733000		21		0		0		0
37.24053720		126.77403320		27.63215000		21		0		0		0
37.24054680		126.77403940		27.25087000		21		0		0		0
37.24055640		126.77404560		27.27555000		21		0		0		0
37.24056610		126.77405180		27.31749000		21		0		0		0
37.24057580		126.77405840		27.39080000		21		0		0		0
37.24058550		126.77406480		27.40699000		21		0		0		0
37.24059520		126.77407100		27.21284000		21		0		0		0
37.24060500		126.77407730		27.33713000		21		0		0		0
37.24061470		126.77408370		27.35306000		21		0		0		0
37.24062450		126.77409020		27.07901000		21		0		0		0
37.24063430		126.77409650		27.30515000		21		0		0		0
37.24064410		126.77410280		27.58258000		21		0		0		0
37.24065390		126.77410910		27.13809000		21		0		0		0
37.24066370		126.77411550		27.72883000		22		0		0		0
37.24067350		126.77412200		27.76047000		21		0		0		0
37.24068340		126.77412830		27.02992000		22		0		0		0
37.24069320		126.77413480		27.47147000		22		0		0		0
37.24070310		126.77414110		26.97645000		21		0		0		0
37.24071300		126.77414740		27.43787000		22		0		0		0
37.24072280		126.77415380		27.15002000		22		0		0		0
37.24073270		126.77416030		27.64394000		22		0		0		0
37.24074260		126.77416670		27.40618000		22		0		0		0
37.24075260		126.77417320		27.52159000		22		0		0		0
37.24076250		126.77417960		27.57480000		22		0		0		0
37.24077240		126.77418630		27.55986000		22		0		0		0
37.24078230		126.77419290		27.71723000		22		0		0		0
37.24079220		126.77419940		27.56268000		22		0		0		0
37.24080230		126.77420590		27.30427000		22		0		0		0
37.24081230		126.77421250		27.40868000		22		0		0		0
37.24082240		126.77421910		27.03536000		22		0		0		0
37.24083250		126.77422560		26.92036000		22		0		0		0
37.24084260		126.77423200		26.80260000		22		0		0		0
37.24085280		126.77423850		26.77232000		22		0		0		0
37.24086300		126.77424480		26.43930000		22		0		0		0
37.24087330		126.77425130		26.24875000		22		0		0		0
37.24088360		126.77425770		26.20256000		22		0		0		0
37.24089390		126.77426400		25.75589000		22		0		0		0
37.24090420		126.77427030		25.71303000		22		0		0		0
37.24091470		126.77427640		25.38463000		22		0		0		0
37.24092510		126.77428270		25.29738000		22		0		0		0
37.24093560		126.77428890		24.85718000		22		0		0		0
37.24094610		126.77429500		24.75134000		23		0		0		0
37.24095670		126.77430100		24.58801000		23		0		0		0
37.24096730		126.77430690		24.03085000		23		0		0		0
37.24097790		126.77431300		23.92591000		23		0		0		0
37.24098860		126.77431880		23.77328000		23		0		0		0
37.24099930		126.77432460		23.18827000		23		0		0		0
37.24101010		126.77433040		23.02024000		23		0		0		0
37.24102080		126.77433600		22.83457000		23		0		0		0
37.24103170		126.77434170		22.35973000		23		0		0		0
37.24104250		126.77434730		22.20985000		23		0		0		0
37.24105340		126.77435280		21.93695000		23		0		0		0
37.24106440		126.77435820		21.37521000		23		0		0		0
37.24107540		126.77436370		21.51215000		23		0		0		0
37.24108640		126.77436910		21.03424000		23		0		0		0
37.24109750		126.77437440		20.58972000		23		0		0		0
37.24110860		126.77437960		20.40753000		23		0		0		0
37.24111980		126.77438470		20.02565000		23		0		0		0
37.24113090		126.77438980		19.88876000		23		0		0		0
37.24114220		126.77439510		19.55009000		23		0		0		0
37.24115340		126.77440000		19.19676000		23		0		0		0
37.24116480		126.77440490		18.73985000		23		0		0		0
37.24117620		126.77440960		18.60953000		23		0		0		0
37.24118760		126.77441430		18.05780000		23		0		0		0
37.24119900		126.77441930		17.92520000		23		0		0		0
37.24121050		126.77442390		17.59447000		23		0		0		0
37.24122200		126.77442840		17.23339000		23		0		0		0
37.24123360		126.77443280		16.60083000		23		0		0		0
37.24124520		126.77443700		16.32043000		23		0		0		0
37.24125680		126.77444130		15.75184000		24		0		0		0
37.24126850		126.77444530		15.21723000		24		0		0		0
37.24128020		126.77444920		14.83338000		24		0		0		0
37.24129200		126.77445300		14.28305000		24		0		0		0
37.24131560		126.77446000		12.67012000		24		0		0		0
37.24132760		126.77446310		11.30311000		24		0		0		0
37.24133950		126.77446590		10.71805000		24		0		0		0
37.24135140		126.77446850		9.68182000		24		0		0		0
37.24136350		126.77447080		8.79908000		24		0		0		0
37.24137550		126.77447300		7.82836000		24		0		0		0
37.24138760		126.77447470		6.79279000		24		0		0		0
37.24139970		126.77447630		6.07537000		24		0		0		0
37.24141190		126.77447770		5.04142000		24		0		0		0
37.24142400		126.77447880		4.16496000		24		0		0		0
37.24143610		126.77447980		3.37705000		24		0		0		0
37.24144830		126.77448060		2.65453000		24		0		0		0
37.24146050		126.77448120		2.35225000		24		0		0		0
37.24147270		126.77448170		2.05101000		24		0		0		0
37.24148490		126.77448220		1.76236000		24		0		0		0
37.24149700		126.77448280		2.01122000		24		0		0		0
37.24150920		126.77448320		1.44430000		24		0		0		0
37.24152130		126.77448370		1.60602000		24		0		0		0
37.24153350		126.77448400		1.52886000		24		0		0		0
37.24154560		126.77448440		1.40542000		23		0		0		0
37.24155770		126.77448490		1.78657000		24		0		0		0
37.24156970		126.77448520		1.36599000		24		0		0		0
37.24158180		126.77448570		2.08797000		23		0		0		0
37.24159380		126.77448600		1.02578000		24		0		0		0
37.24160580		126.77448660		2.07538000		23		0		0		0
37.24161790		126.77448710		1.41333000		23		0		0		0
37.24162980		126.77448760		2.00376000		23		0		0		0
37.24164180		126.77448810		2.01634000		23		0		0		0
37.24165380		126.77448880		2.82719000		23		0		0		0
37.24166570		126.77448940		2.21472000		23		0		0		0
37.24167770		126.77449030		2.73217000		23		0		0		0
37.24168970		126.77449120		3.09463000		23		0		0		0
37.24170170		126.77449210		3.47691000		23		0		0		0
37.24171370		126.77449310		3.33920000		23		0		0		0
37.24172570		126.77449410		3.80947000		23		0		0		0
37.24173770		126.77449530		3.98049000		23		0		0		0
37.24174970		126.77449660		4.62048000		24		0		0		0
37.24176180		126.77449770		4.30639000		24		0		0		0
37.24177380		126.77449890		4.58468000		24		0		0		0
37.24178600		126.77450010		4.19478000		24		0		0		0
37.24179810		126.77450140		4.68380000		24		0		0		0
37.24181020		126.77450270		4.32822000		24		0		0		0
37.24182240		126.77450390		4.38458000		24		0		0		0
37.24183470		126.77450510		4.42709000		24		0		0		0
37.24184690		126.77450630		4.41076000		24		0		0		0
37.24185920		126.77450760		4.24196000		24		0		0		0
37.24187160		126.77450880		3.94287000		24		0		0		0
37.24188390		126.77450990		3.78862000		24		0		0		0
37.24189620		126.77451070		3.29743000		24		0		0		0
37.24190860		126.77451150		2.79001000		24		0		0		0
37.24192110		126.77451240		2.67033000		24		0		0		0
37.24193350		126.77451310		2.31146000		24		0		0		0
37.24194600		126.77451360		2.04762000		24		0		0		0
37.24195840		126.77451410		1.64319000		24		0		0		0
37.24197090		126.77451440		1.03407000		24		0		0		0
37.24198350		126.77451490		0.95149000		24		0		0		0
37.24199600		126.77451510		0.19230000		24		0		0		0
37.24200850		126.77451520		0.57417000		24		0		0		0
37.24202110		126.77451520		0.00699000		24		0		0		0
37.24203360		126.77451500		359.43475000		24		0		0		0
37.24204630		126.77451510		359.57880000		24		0		0		0
37.24205890		126.77451490		359.14234000		24		0		0		0
37.24207140		126.77451460		358.78504000		24		0		0		0
37.24208390		126.77451430		358.67299000		24		0		0		0
37.24209640		126.77451390		358.70625000		24		0		0		0
37.24210880		126.77451380		358.35416000		24		0		0		0
37.24212110		126.77451340		358.43554000		24		0		0		0
37.24213340		126.77451300		358.30050000		24		0		0		0
37.24214570		126.77451250		358.20317000		24		0		0		0
37.24215780		126.77451200		358.18810000		24		0		0		0
37.24217000		126.77451170		358.03356000		23		0		0		0
37.24218210		126.77451120		357.97433000		23		0		0		0
37.24219410		126.77451070		357.92341000		23		0		0		0
37.24220610		126.77451010		357.74463000		23		0		0		0
37.24221800		126.77450950		357.64738000		23		0		0		0
37.24222990		126.77450900		357.53374000		23		0		0		0
37.24224190		126.77450830		357.44768000		23		0		0		0
37.24225390		126.77450770		357.30340000		23		0		0		0
37.24226580		126.77450700		357.21192000		23		0		0		0
37.24227780		126.77450620		357.16954000		23		0		0		0
37.24228980		126.77450550		357.06915000		23		0		0		0
37.24230180		126.77450470		356.89604000		23		0		0		0
37.24231380		126.77450390		356.95899000		23		0		0		0
37.24232590		126.77450310		356.87511000		24		0		0		0
37.24233800		126.77450220		356.66069000		24		0		0		0
37.24235020		126.77450140		356.61906000		24		0		0		0
37.24236240		126.77450050		356.36554000		24		0		0		0
37.24237460		126.77449970		357.14130000		24		0		0		0
37.24238690		126.77449900		357.30573000		24		0		0		0
37.24239920		126.77449840		357.78701000		24		0		0		0
37.24241160		126.77449800		358.39378000		24		0		0		0
37.24242410		126.77449750		358.10993000		24		0		0		0
37.24243650		126.77449710		358.15399000		24		0		0		0
37.24244900		126.77449690		359.16580000		24		0		0		0
37.24246160		126.77449640		358.57939000		24		0		0		0
37.24247420		126.77449640		359.26185000		25		0		0		0
37.24248680		126.77449630		359.55638000		25		0		0		0
37.24249940		126.77449620		359.28526000		25		0		0		0
37.24251200		126.77449610		359.44898000		25		0		0		0
37.24252470		126.77449600		359.64787000		25		0		0		0
37.24253740		126.77449610		359.74013000		25		0		0		0
37.24255010		126.77449610		0.07136000		25		0		0		0
37.24256260		126.77449600		359.84636000		24		0		0		0
37.24257510		126.77449580		359.12484000		24		0		0		0
37.24258730		126.77449570		359.82153000		24		0		0		0
37.24259960		126.77449590		359.93023000		24		0		0		0
37.24261180		126.77449580		359.34580000		23		0		0		0
37.24262390		126.77449590		0.14527000		23		0		0		0
37.24263590		126.77449590		359.88807000		23		0		0		0
37.24264780		126.77449580		359.81202000		23		0		0		0
37.24265980		126.77449590		0.19352000		23		0		0		0
37.24267160		126.77449590		359.76398000		23		0		0		0
37.24268330		126.77449600		0.11899000		23		0		0		0
37.24269500		126.77449600		0.12686000		22		0		0		0
37.24270650		126.77449610		0.47192000		22		0		0		0
37.24271810		126.77449610		359.69807000		22		0		0		0
37.24272950		126.77449600		359.43133000		22		0		0		0
37.24274090		126.77449580		359.06375000		22		0		0		0
37.24275230		126.77449550		358.69370000		22		0		0		0
37.24276360		126.77449510		358.59859000		22		0		0		0
37.24277480		126.77449500		358.54816000		22		0		0		0
37.24278590		126.77449460		358.26288000		22		0		0		0
37.24279700		126.77449420		358.41437000		21		0		0		0
37.24280810		126.77449390		358.75364000		21		0		0		0
37.24281900		126.77449370		359.05521000		21		0		0		0
37.24282990		126.77449370		358.92374000		21		0		0		0
37.24284080		126.77449350		359.26579000		21		0		0		0
37.24285160		126.77449340		359.06989000		21		0		0		0
37.24286230		126.77449320		359.20714000		21		0		0		0
37.24287300		126.77449290		359.10933000		21		0		0		0
37.24288360		126.77449270		358.79352000		20		0		0		0
37.24289420		126.77449250		358.69049000		20		0		0		0
37.24290470		126.77449230		358.47048000		20		0		0		0
37.24291510		126.77449190		358.64183000		20		0		0		0
37.24292560		126.77449150		358.22582000		20		0		0		0
37.24293600		126.77449120		358.12366000		20		0		0		0
37.24294630		126.77449070		357.70011000		20		0		0		0
37.24295660		126.77449020		357.88853000		20		0		0		0
37.24296670		126.77448970		357.82634000		20		0		0		0
37.24297690		126.77448930		357.59041000		19		0		0		0
37.24298700		126.77448900		357.88140000		19		0		0		0
37.24299710		126.77448850		357.70451000		19		0		0		0
37.24300710		126.77448810		358.19955000		19		0		0		0
37.24301700		126.77448770		357.94382000		19		0		0		0
37.24302690		126.77448730		357.94459000		19		0		0		0
37.24303680		126.77448710		358.11919000		19		0		0		0
37.24304660		126.77448660		358.07588000		19		0		0		0
37.24305630		126.77448620		357.90941000		19		0		0		0
37.24306600		126.77448580		358.20382000		19		0		0		0
37.24307560		126.77448540		358.20762000		19		0		0		0
37.24308520		126.77448510		358.26072000		18		0		0		0
37.24309480		126.77448480		358.29548000		18		0		0		0
37.24310430		126.77448450		358.22434000		18		0		0		0
37.24311380		126.77448410		358.27423000		18		0		0		0
37.24312330		126.77448380		358.54211000		18		0		0		0
37.24313280		126.77448360		358.54241000		18		0		0		0
37.24314240		126.77448330		358.39148000		18		0		0		0
37.24315190		126.77448290		358.34229000		18		0		0		0
37.24316150		126.77448260		358.42952000		18		0		0		0
37.24317100		126.77448220		358.14737000		18		0		0		0
37.24318060		126.77448200		358.65524000		18		0		0		0
37.24319000		126.77448170		358.21989000		18		0		0		0
37.24319950		126.77448130		358.29103000		18		0		0		0
37.24320900		126.77448090		358.24742000		18		0		0		0
37.24321850		126.77448060		358.23171000		18		0		0		0
37.24322790		126.77448020		358.43395000		18		0		0		0
37.24323730		126.77447980		357.96047000		18		0		0		0
37.24324670		126.77447940		358.43577000		18		0		0		0
37.24325600		126.77447910		358.19766000		18		0		0		0
37.24326530		126.77447880		357.95023000		18		0		0		0
37.24327460		126.77447850		357.97615000		18		0		0		0
37.24328370		126.77447800		358.26810000		18		0		0		0
37.24329290		126.77447780		357.73828000		18		0		0		0
37.24330200		126.77447730		357.81772000		17		0		0		0
37.24331110		126.77447700		358.09259000		17		0		0		0
37.24332010		126.77447690		357.69529000		17		0		0		0
37.24332900		126.77447630		357.28818000		17		0		0		0
37.24333790		126.77447600		357.84380000		17		0		0		0
37.24334670		126.77447550		357.83412000		17		0		0		0
37.24335560		126.77447500		357.52319000		17		0		0		0
37.24336430		126.77447480		357.32411000		17		0		0		0
37.24337300		126.77447430		357.55030000		17		0		0		0
37.24338160		126.77447380		357.14651000		17		0		0		0
37.24339020		126.77447320		357.54145000		16		0		0		0
37.24339870		126.77447280		357.04214000		16		0		0		0
37.24340720		126.77447250		356.66313000		16		0		0		0
37.24341550		126.77447180		357.33120000		16		0		0		0
37.24342400		126.77447140		356.72752000		16		0		0		0
37.24343220		126.77447090		356.95493000		16		0		0		0
37.24344060		126.77447050		357.35077000		16		0		0		0
37.24344870		126.77447020		356.80188000		16		0		0		0
37.24345690		126.77446960		356.83727000		16		0		0		0
37.24346500		126.77446910		357.05336000		16		0		0		0
37.24348110		126.77446800		357.17990000		15		0		0		0
37.24348910		126.77446780		357.21533000		15		0		0		0
37.24349700		126.77446730		357.99031000		15		0		0		0
37.24350490		126.77446680		357.14427000		15		0		0		0
37.24351280		126.77446650		357.17466000		15		0		0		0
37.24352040		126.77446570		355.80459000		15		0		0		0
37.24352830		126.77446540		357.64481000		15		0		0		0
37.24353600		126.77446500		357.86048000		15		0		0		0
37.24354350		126.77446430		356.27944000		15		0		0		0
37.24355110		126.77446370		356.58581000		14		0		0		0
37.24355860		126.77446310		356.53725000		14		0		0		0
37.24356610		126.77446280		356.87980000		14		0		0		0
37.24357350		126.77446240		356.31017000		14		0		0		0
37.24358080		126.77446190		356.29979000		14		0		0		0
37.24358810		126.77446130		357.04284000		14		0		0		0
37.24359540		126.77446080		357.05369000		14		0		0		0
37.24360260		126.77446040		356.18452000		14		0		0		0
37.24360970		126.77446000		357.12692000		14		0		0		0
37.24361680		126.77445950		356.54657000		14		0		0		0
37.24362390		126.77445900		356.83095000		14		0		0		0
37.24363110		126.77445850		356.52297000		14		0		0		0
37.24363850		126.77445830		356.69243000		14		0		0		0
37.24364580		126.77445780		356.59934000		14		0		0		0
37.24365320		126.77445730		357.03343000		14		0		0		0
37.24366050		126.77445680		357.05649000		14		0		0		0
37.24366780		126.77445640		357.78394000		14		0		0		0
37.24367510		126.77445640		358.37373000		14		0		0		0
37.24368220		126.77445630		359.02111000		14		0		0		0
37.24368920		126.77445630		0.19973000		13		0		0		0
37.24369620		126.77445690		1.14648000		13		0		0		0
37.24370310		126.77445730		2.60785000		13		0		0		0
37.24371010		126.77445820		3.21641000		13		0		0		0
37.24371700		126.77445900		5.55141000		13		0		0		0
37.24372370		126.77446000		6.48054000		13		0		0		0
37.24373040		126.77446090		6.73502000		13		0		0		0
37.24373690		126.77446230		9.54311000		13		0		0		0
37.24374360		126.77446400		9.28747000		13		0		0		0
37.24375000		126.77446590		12.15656000		12		0		0		0
37.24375630		126.77446800		13.65997000		12		0		0		0
37.24376260		126.77446980		14.65121000		12		0		0		0
37.24376880		126.77447210		16.87930000		12		0		0		0
37.24377500		126.77447450		15.67793000		12		0		0		0
37.24378060		126.77447690		18.67021000		11		0		0		0
37.24378590		126.77447920		17.56460000		10		0		0		0
37.24379090		126.77448100		16.92854000		9		0		0		0
37.24379560		126.77448250		15.01144000		9		0		0		0
37.24380010		126.77448410		14.98178000		8		0		0		0
37.24380420		126.77448510		12.80366000		7		0		0		0
37.24380800		126.77448620		10.53848000		7		0		0		0
37.24381140		126.77448690		9.63890000		6		0		0		0
37.24381440		126.77448740		7.54327000		5		0		0		0
37.24381710		126.77448800		6.33902000		4		0		0		0
37.24381940		126.77448830		4.56586000		4		0		0		0
37.24382140		126.77448840		2.67756000		3		0		0		0
37.24382320		126.77448850		2.43680000		3		0		0		0
37.24382480		126.77448850		1.47588000		2		0		0		0
37.24382630		126.77448860		358.72188000		2		0		0		0
37.24382750		126.77448860		2.27445000		2		0		0		0
37.24382840		126.77448870		357.91029000		1		0		0		0
37.24382930		126.77448860		358.03051000		1		0		0		0
37.24383000		126.77448870		2.65547000		1		0		0		0
37.24383070		126.77448870		354.92882000		1		0		0		0
37.24383120		126.77448870		2.02264000		1		0		0		0
