36.63069720		127.45485270		124.99992000		0		0		0		0
36.63069730		127.45485270		124.99992000		0		0		0		0
36.63069730		127.45485270		124.99992000		0		0		0		0
36.63069730		127.45485270		124.99992000		0		0		0		0
36.63069740		127.45485270		124.99992000		0		0		0		0
36.63069740		127.45485270		124.99992000		0		0		0		0
36.63069740		127.45485270		124.99992000		0		0		0		0
36.63069750		127.45485270		124.99992000		0		0		0		0
36.63069750		127.45485270		124.99992000		0		0		0		0
36.63069750		127.45485260		124.99992000		0		0		0		0
36.63069760		127.45485260		124.99992000		0		0		0		0
36.63069760		127.45485260		124.99992000		0		0		0		0
36.63069760		127.45485260		124.99992000		0		0		0		0
36.63069760		127.45485260		124.99992000		0		0		0		0
36.63069760		127.45485260		124.99992000		0		0		0		0
36.63069770		127.45485260		124.99992000		0		0		0		0
36.63069770		127.45485250		124.99992000		0		0		0		0
36.63069770		127.45485250		124.99992000		0		0		0		0
36.63069770		127.45485250		124.99992000		0		0		0		0
36.63069770		127.45485250		124.99992000		0		0		0		0
36.63069780		127.45485250		124.99992000		0		0		0		0
36.63069780		127.45485240		124.99992000		0		0		0		0
36.63069780		127.45485240		124.99992000		0		0		0		0
36.63069780		127.45485240		124.99992000		0		0		0		0
36.63069790		127.45485240		124.99992000		0		0		0		0
36.63069790		127.45485240		124.99992000		0		0		0		0
36.63069790		127.45485230		124.99992000		0		0		0		0
36.63069790		127.45485230		124.99992000		0		0		0		0
36.63069790		127.45485230		124.99992000		0		0		0		0
36.63069800		127.45485230		124.99992000		0		0		0		0
36.63069800		127.45485220		124.99992000		0		0		0		0
36.63069800		127.45485220		124.99992000		0		0		0		0
36.63069800		127.45485220		124.99992000		0		0		0		0
36.63069810		127.45485220		124.99992000		0		0		0		0
36.63069810		127.45485210		124.99992000		0		0		0		0
36.63069810		127.45485210		124.99992000		0		0		0		0
36.63069810		127.45485210		124.99992000		0		0		0		0
36.63069810		127.45485200		124.99992000		0		0		0		0
36.63069810		127.45485200		124.99992000		0		0		0		0
36.63069820		127.45485200		124.99992000		0		0		0		0
36.63069820		127.45485190		124.99992000		0		0		0		0
36.63069820		127.45485190		124.99992000		0		0		0		0
36.63069830		127.45485180		124.99992000		0		0		0		0
36.63069830		127.45485180		124.99992000		0		0		0		0
36.63069830		127.45485170		124.99992000		0		0		0		0
36.63069830		127.45485170		124.99992000		0		0		0		0
36.63069830		127.45485170		124.99992000		0		0		0		0
36.63069830		127.45485160		124.99992000		0		0		0		0
36.63069840		127.45485160		124.99992000		0		0		0		0
36.63069840		127.45485150		124.99992000		0		0		0		0
36.63069840		127.45485150		124.99992000		0		0		0		0
36.63069840		127.45485140		124.99992000		0		0		0		0
36.63069840		127.45485140		124.99992000		0		0		0		0
36.63069840		127.45485130		124.99992000		0		0		0		0
36.63069840		127.45485130		124.99992000		0		0		0		0
36.63069840		127.45485120		124.99992000		0		0		0		0
36.63069840		127.45485120		124.99992000		0		0		0		0
36.63069840		127.45485110		124.99992000		0		0		0		0
36.63069840		127.45485110		124.99992000		0		0		0		0
36.63069840		127.45485110		124.99992000		0		0		0		0
36.63069840		127.45485100		124.99992000		0		0		0		0
36.63069840		127.45485100		124.99992000		0		0		0		0
36.63069840		127.45485090		124.99992000		0		0		0		0
36.63069840		127.45485090		124.99992000		0		0		0		0
36.63069830		127.45485110		124.58716000		0		0		0		0
36.63069810		127.45485150		124.34896000		0		0		0		0
36.63069780		127.45485200		124.07782000		0		0		0		0
36.63069740		127.45485270		124.36749000		0		0		0		0
36.63069690		127.45485350		124.44878000		0		0		0		0
36.63069630		127.45485460		123.99476000		0		0		0		0
36.63069560		127.45485580		124.33903000		0		0		0		0
36.63069460		127.45485750		124.97402000		0		0		0		0
36.63069350		127.45485960		123.70106000		0		0		0		0
36.63069230		127.45486190		123.23269000		0		0		0		0
36.63069080		127.45486450		124.69059000		0		0		0		0
36.63068930		127.45486750		122.78664000		0		0		0		0
36.63068750		127.45487080		123.21297000		0		0		0		0
36.63068580		127.45487430		122.14131000		0		0		0		0
36.63068390		127.45487840		120.65398000		0		0		0		0
36.63068170		127.45488280		121.45108000		0		0		0		0
36.63067940		127.45488740		121.25220000		0		0		0		0
36.63067710		127.45489240		120.66869000		0		0		0		0
36.63067450		127.45489770		120.36860000		0		0		0		0
36.63067180		127.45490330		120.79259000		0		0		0		0
36.63066900		127.45490930		120.92955000		0		0		0		0
36.63066600		127.45491540		120.87156000		0		0		0		0
36.63066300		127.45492170		121.05748000		0		0		0		0
36.63065970		127.45492830		121.48001000		0		0		0		0
36.63065640		127.45493500		121.32439000		0		0		0		0
36.63065290		127.45494200		121.84568000		0		0		0		0
36.63064930		127.45494920		122.14457000		0		0		0		0
36.63064550		127.45495640		122.77418000		0		0		0		0
36.63064170		127.45496370		122.67774000		0		0		0		0
36.63063780		127.45497140		122.69353000		0		0		0		0
36.63063380		127.45497900		122.66457000		0		0		0		0
36.63062960		127.45498690		123.36681000		0		0		0		0
36.63062550		127.45499500		122.88113000		0		0		0		0
36.63062120		127.45500320		122.79686000		0		0		0		0
36.63061680		127.45501150		123.32311000		0		0		0		0
36.63061230		127.45502000		123.59174000		0		0		0		0
36.63060770		127.45502860		123.49341000		0		0		0		0
36.63060300		127.45503730		123.62645000		0		0		0		0
36.63059810		127.45504610		124.19736000		0		0		0		0
36.63059320		127.45505520		124.07879000		0		0		0		0
36.63058810		127.45506440		124.59346000		0		0		0		0
36.63058290		127.45507360		125.01349000		0		0		0		0
36.63057760		127.45508290		125.05813000		0		0		0		0
36.63057210		127.45509250		125.07519000		0		0		0		0
36.63056660		127.45510210		125.16175000		0		0		0		0
36.63056110		127.45511200		125.15484000		0		0		0		0
36.63055540		127.45512190		125.01700000		0		0		0		0
36.63054970		127.45513210		124.94055000		0		0		0		0
36.63054380		127.45514230		125.41278000		0		0		0		0
36.63053800		127.45515280		124.75468000		0		0		0		0
36.63053200		127.45516330		124.89990000		0		0		0		0
36.63052590		127.45517390		125.20077000		0		0		0		0
36.63051980		127.45518480		125.01573000		0		0		0		0
36.63051370		127.45519570		125.00810000		0		0		0		0
36.63050740		127.45520670		125.36453000		0		0		0		0
36.63050100		127.45521790		125.42730000		0		0		0		0
36.63049450		127.45522910		125.61212000		0		0		0		0
36.63048790		127.45524050		125.82083000		0		0		0		0
36.63048130		127.45525190		125.69473000		0		0		0		0
36.63047460		127.45526350		125.75971000		0		0		0		0
36.63046800		127.45527500		125.65183000		0		0		0		0
36.63046130		127.45528660		125.69329000		0		0		0		0
36.63045460		127.45529820		125.79348000		0		0		0		0
36.63044790		127.45530970		125.67590000		0		0		0		0
36.63044130		127.45532130		125.21071000		0		0		0		0
36.63043440		127.45533290		126.14063000		0		0		0		0
36.63042780		127.45534470		125.08953000		0		0		0		0
36.63042090		127.45535640		126.12524000		0		0		0		0
36.63041410		127.45536810		125.51810000		0		0		0		0
36.63040720		127.45537990		125.86587000		0		0		0		0
36.63040050		127.45539170		125.46906000		0		0		0		0
36.63039370		127.45540360		125.31524000		0		0		0		0
36.63038690		127.45541570		125.09654000		0		0		0		0
36.63038000		127.45542770		125.20660000		0		0		0		0
36.63037310		127.45543970		125.43399000		0		0		0		0
36.63036620		127.45545190		124.85945000		0		0		0		0
36.63035940		127.45546410		124.90613000		0		0		0		0
36.63035240		127.45547630		125.38951000		0		0		0		0
36.63034540		127.45548860		125.05436000		0		0		0		0
36.63033850		127.45550100		124.68648000		0		0		0		0
36.63033150		127.45551330		125.30661000		0		0		0		0
36.63032440		127.45552570		125.06892000		0		0		0		0
36.63031740		127.45553820		125.08173000		0		0		0		0
36.63031030		127.45555080		125.08116000		0		0		0		0
36.63030330		127.45556340		124.74705000		0		0		0		0
36.63029610		127.45557590		125.26585000		0		0		0		0
36.63028880		127.45558860		125.36073000		0		0		0		0
36.63028170		127.45560130		124.93647000		0		0		0		0
36.63027430		127.45561400		125.71549000		0		0		0		0
36.63026700		127.45562680		125.32382000		0		0		0		0
36.63025960		127.45563960		125.23204000		0		0		0		0
36.63025220		127.45565250		125.40897000		0		0		0		0
36.63024490		127.45566550		124.89091000		0		0		0		0
36.63023760		127.45567860		124.89371000		0		0		0		0
36.63023020		127.45569180		125.21819000		0		0		0		0
36.63022270		127.45570490		125.01115000		0		0		0		0
36.63021530		127.45571810		125.18365000		0		0		0		0
36.63020770		127.45573130		125.59535000		0		0		0		0
36.63020000		127.45574450		125.70086000		0		0		0		0
36.63019240		127.45575780		125.58330000		0		0		0		0
36.63018470		127.45577100		126.00644000		0		0		0		0
36.63017690		127.45578410		126.32214000		0		0		0		0
36.63016910		127.45579720		126.40488000		0		0		0		0
36.63016140		127.45581030		126.12148000		0		0		0		0
36.63015380		127.45582330		126.20448000		0		0		0		0
36.63014620		127.45583610		126.54674000		0		0		0		0
36.63013870		127.45584880		125.91245000		0		0		0		0
36.63013160		127.45586110		125.81834000		0		0		0		0
36.63011810		127.45588450		125.85372000		0		0		0		0
36.63011160		127.45589560		125.78224000		0		0		0		0
36.63010540		127.45590640		125.51833000		0		0		0		0
36.63009940		127.45591700		125.35255000		0		0		0		0
36.63009330		127.45592750		125.60117000		0		0		0		0
36.63008740		127.45593780		125.48291000		0		0		0		0
36.63008180		127.45594740		125.79982000		0		0		0		0
36.63007610		127.45595750		125.24445000		0		0		0		0
36.63007040		127.45596790		124.38065000		0		0		0		0
36.63006450		127.45597830		125.13866000		0		0		0		0
36.63005910		127.45598790		124.78939000		0		0		0		0
36.63005360		127.45599800		124.39374000		0		0		0		0
36.63004780		127.45600830		124.65945000		0		0		0		0
36.63004190		127.45601900		124.53608000		0		0		0		0
36.63003600		127.45602950		124.93065000		0		0		0		0
36.63003010		127.45604010		124.47686000		0		0		0		0
36.63002420		127.45605070		124.76127000		0		0		0		0
36.63001840		127.45606100		125.03586000		0		0		0		0
36.63001240		127.45607150		125.52126000		0		0		0		0
36.63000670		127.45608150		125.24824000		0		0		0		0
36.63000090		127.45609140		126.00621000		0		0		0		0
36.62999530		127.45610120		125.12616000		0		0		0		0
36.62998950		127.45611110		126.19306000		0		0		0		0
36.62998370		127.45612100		126.22079000		0		0		0		0
36.62997770		127.45613120		126.15917000		0		0		0		0
36.62997190		127.45614140		125.18550000		0		0		0		0
36.62996590		127.45615160		126.43766000		0		0		0		0
36.62995970		127.45616190		126.38103000		0		0		0		0
36.62995370		127.45617230		125.96660000		0		0		0		0
36.62994740		127.45618270		126.85701000		0		0		0		0
36.62994110		127.45619320		126.58205000		0		0		0		0
36.62993470		127.45620390		126.58304000		0		0		0		0
36.62992840		127.45621460		126.17601000		0		0		0		0
36.62992190		127.45622520		126.97708000		0		0		0		0
36.62991540		127.45623600		126.72994000		0		0		0		0
36.62990890		127.45624700		126.71683000		0		0		0		0
36.62990220		127.45625800		126.66956000		0		0		0		0
36.62989570		127.45626920		126.14963000		0		0		0		0
36.62988900		127.45628060		125.90196000		0		0		0		0
36.62988230		127.45629200		126.15611000		0		0		0		0
36.62987560		127.45630370		125.66812000		0		0		0		0
36.62986880		127.45631550		125.71719000		0		0		0		0
36.62986200		127.45632750		125.04082000		0		0		0		0
36.62985510		127.45633950		125.33153000		0		0		0		0
36.62984820		127.45635180		124.94003000		0		0		0		0
36.62984120		127.45636410		125.22181000		0		0		0		0
36.62983420		127.45637660		124.60371000		0		0		0		0
36.62982700		127.45638920		125.13672000		0		0		0		0
36.62981990		127.45640180		124.82948000		0		0		0		0
36.62981270		127.45641470		125.07240000		0		0		0		0
36.62980540		127.45642760		124.84143000		0		0		0		0
36.62979810		127.45644060		124.76316000		0		0		0		0
36.62979070		127.45645370		125.08796000		0		0		0		0
36.62978320		127.45646690		125.19857000		0		0		0		0
36.62977560		127.45648010		125.31747000		0		0		0		0
36.62976810		127.45649350		124.97125000		0		0		0		0
36.62976060		127.45650690		124.80710000		0		0		0		0
36.62975280		127.45652020		125.65671000		0		0		0		0
36.62974520		127.45653370		124.85925000		0		0		0		0
36.62973750		127.45654710		125.55491000		0		0		0		0
36.62973000		127.45656050		125.03984000		0		0		0		0
36.62972230		127.45657400		124.97764000		0		0		0		0
36.62971470		127.45658750		125.10330000		0		0		0		0
36.62970690		127.45660090		125.72918000		0		0		0		0
36.62969920		127.45661430		125.24835000		0		0		0		0
36.62969140		127.45662770		126.08389000		0		0		0		0
36.62968360		127.45664100		125.75463000		0		0		0		0
36.62967600		127.45665410		125.95914000		0		0		0		0
36.62966830		127.45666710		126.21112000		0		0		0		0
36.62966080		127.45667990		125.79696000		0		0		0		0
36.62965350		127.45669230		126.24665000		0		0		0		0
36.62964640		127.45670440		125.73846000		0		0		0		0
36.62963960		127.45671620		125.67484000		0		0		0		0
36.62963320		127.45672740		125.41287000		0		0		0		0
36.62962680		127.45673830		125.64250000		0		0		0		0
36.62962070		127.45674900		125.45248000		0		0		0		0
36.62961470		127.45675960		125.10213000		0		0		0		0
36.62960880		127.45677000		125.05806000		0		0		0		0
36.62960320		127.45677990		125.45110000		0		0		0		0
36.62959750		127.45678980		124.93542000		0		0		0		0
36.62959190		127.45679990		124.95149000		0		0		0		0
36.62958600		127.45681050		124.29119000		0		0		0		0
36.62958020		127.45682070		125.38628000		0		0		0		0
36.62957440		127.45683120		124.73312000		0		0		0		0
36.62956830		127.45684180		125.44301000		0		0		0		0
36.62956200		127.45685300		124.59041000		0		0		0		0
36.62955560		127.45686430		125.01674000		0		0		0		0
36.62954910		127.45687570		125.07621000		0		0		0		0
36.62954240		127.45688720		125.71922000		0		0		0		0
36.62953570		127.45689910		125.04432000		0		0		0		0
36.62952890		127.45691090		125.72803000		0		0		0		0
36.62952190		127.45692300		125.51568000		0		0		0		0
36.62951480		127.45693520		125.71372000		0		0		0		0
36.62950760		127.45694770		125.69496000		0		0		0		0
36.62950020		127.45696020		125.77535000		0		0		0		0
36.62949270		127.45697290		126.18388000		0		0		0		0
36.62948520		127.45698580		125.80616000		0		0		0		0
36.62947760		127.45699890		125.75345000		0		0		0		0
36.62947000		127.45701220		125.30802000		0		0		0		0
36.62946220		127.45702560		125.78244000		0		0		0		0
36.62945440		127.45703920		125.48089000		0		0		0		0
36.62944640		127.45705280		125.98579000		0		0		0		0
36.62943840		127.45706650		125.80430000		0		0		0		0
36.62943050		127.45708030		125.41133000		0		0		0		0
36.62942240		127.45709410		125.88498000		0		0		0		0
36.62941440		127.45710820		125.38431000		0		0		0		0
36.62940630		127.45712220		125.66138000		0		0		0		0
36.62939830		127.45713630		125.12002000		0		0		0		0
36.62939000		127.45715050		125.82389000		0		0		0		0
36.62938180		127.45716460		125.89395000		0		0		0		0
36.62937360		127.45717870		125.69721000		0		0		0		0
36.62936530		127.45719270		126.29798000		0		0		0		0
36.62935710		127.45720650		126.16331000		0		0		0		0
36.62934900		127.45722020		126.31339000		0		0		0		0
36.62934090		127.45723370		126.55189000		0		0		0		0
36.62933280		127.45724720		126.52539000		0		0		0		0
36.62932480		127.45726050		126.58192000		0		0		0		0
36.62931710		127.45727350		126.17258000		0		0		0		0
36.62930950		127.45728630		126.31322000		0		0		0		0
36.62930230		127.45729870		125.91215000		0		0		0		0
36.62929530		127.45731050		125.98778000		0		0		0		0
36.62928860		127.45732210		125.85376000		0		0		0		0
36.62928210		127.45733330		125.55721000		0		0		0		0
36.62927560		127.45734450		125.58081000		0		0		0		0
36.62926920		127.45735570		125.15083000		0		0		0		0
36.62926310		127.45736650		125.01089000		0		0		0		0
36.62925690		127.45737730		125.38371000		0		0		0		0
36.62925070		127.45738840		124.75905000		0		0		0		0
36.62924410		127.45739950		125.65577000		0		0		0		0
36.62923750		127.45741110		125.79536000		0		0		0		0
36.62923090		127.45742250		125.75224000		0		0		0		0
36.62922410		127.45743410		126.13405000		0		0		0		0
36.62921700		127.45744620		125.46241000		0		0		0		0
36.62920980		127.45745840		126.15435000		0		0		0		0
36.62920260		127.45747080		125.98464000		0		0		0		0
36.62919530		127.45748330		125.82435000		0		0		0		0
36.62918780		127.45749590		126.19117000		0		0		0		0
36.62918020		127.45750880		125.92017000		0		0		0		0
36.62917260		127.45752190		125.90907000		0		0		0		0
36.62916480		127.45753510		125.98483000		0		0		0		0
36.62915710		127.45754860		125.69757000		0		0		0		0
36.62914910		127.45756220		125.85868000		0		0		0		0
36.62914120		127.45757590		125.69027000		0		0		0		0
36.62913330		127.45758960		125.77856000		0		0		0		0
36.62912540		127.45760330		125.55497000		0		0		0		0
36.62911750		127.45761710		125.28676000		0		0		0		0
36.62910970		127.45763070		125.52295000		0		0		0		0
36.62910180		127.45764440		125.45022000		0		0		0		0
36.62909400		127.45765820		125.26236000		0		0		0		0
36.62908620		127.45767190		125.30212000		0		0		0		0
36.62907840		127.45768560		125.19664000		0		0		0		0
36.62907050		127.45769930		125.28539000		0		0		0		0
36.62906270		127.45771300		125.42130000		0		0		0		0
36.62905470		127.45772680		125.65659000		0		0		0		0
36.62904670		127.45774060		125.47355000		0		0		0		0
36.62903880		127.45775440		125.56733000		0		0		0		0
36.62903080		127.45776840		125.38062000		0		0		0		0
36.62902270		127.45778230		125.64010000		0		0		0		0
36.62901450		127.45779630		125.77404000		0		0		0		0
36.62900640		127.45781030		125.62225000		0		0		0		0
36.62899820		127.45782430		125.85390000		0		0		0		0
36.62899000		127.45783850		125.47239000		0		0		0		0
36.62898180		127.45785260		125.68161000		0		0		0		0
36.62897360		127.45786680		125.66390000		0		0		0		0
36.62896520		127.45788100		125.89037000		0		0		0		0
36.62895700		127.45789540		125.54392000		0		0		0		0
36.62894860		127.45790960		125.79702000		0		0		0		0
36.62894020		127.45792400		126.01427000		0		0		0		0
36.62893180		127.45793840		125.88379000		0		0		0		0
36.62892330		127.45795270		126.09134000		0		0		0		0
36.62891490		127.45796710		125.98864000		0		0		0		0
36.62890640		127.45798150		126.00042000		0		0		0		0
36.62889800		127.45799590		125.81066000		0		0		0		0
36.62888970		127.45801040		125.60553000		0		0		0		0
36.62888120		127.45802480		126.10142000		0		0		0		0
36.62887290		127.45803920		125.70523000		0		0		0		0
36.62886450		127.45805360		125.72426000		0		0		0		0
36.62885610		127.45806810		125.69127000		0		0		0		0
36.62884780		127.45808240		125.80075000		0		0		0		0
36.62883940		127.45809690		125.69391000		0		0		0		0
36.62883110		127.45811130		125.69945000		0		0		0		0
36.62882280		127.45812550		125.58439000		0		0		0		0
36.62881450		127.45813990		125.55577000		0		0		0		0
36.62880630		127.45815420		125.33415000		0		0		0		0
36.62879810		127.45816860		125.44181000		0		0		0		0
36.62878990		127.45818300		125.84857000		0		0		0		0
36.62878170		127.45819730		126.04833000		0		0		0		0
36.62877340		127.45821120		126.33674000		0		0		0		0
36.62876500		127.45822500		126.41180000		0		0		0		0
36.62875680		127.45823870		126.42927000		0		0		0		0
36.62874870		127.45825220		126.71922000		0		0		0		0
36.62874080		127.45826540		126.73794000		0		0		0		0
36.62873320		127.45827810		126.57679000		0		0		0		0
36.62872570		127.45829040		126.80932000		0		0		0		0
36.62871860		127.45830240		126.35519000		0		0		0		0
36.62871160		127.45831400		126.91952000		0		0		0		0
36.62870470		127.45832550		126.63907000		0		0		0		0
36.62869790		127.45833680		126.20695000		0		0		0		0
36.62869120		127.45834810		126.19240000		0		0		0		0
36.62867820		127.45836980		125.99553000		0		0		0		0
36.62867170		127.45838080		125.98269000		0		0		0		0
36.62866530		127.45839170		125.86219000		0		0		0		0
36.62865910		127.45840240		125.95809000		0		0		0		0
36.62865280		127.45841300		125.96197000		0		0		0		0
36.62864670		127.45842360		125.31284000		0		0		0		0
36.62864070		127.45843400		125.52630000		0		0		0		0
36.62863480		127.45844440		124.87852000		0		0		0		0
36.62862910		127.45845480		124.24777000		0		0		0		0
36.62862360		127.45846520		123.22029000		0		0		0		0
36.62861850		127.45847530		121.86363000		0		0		0		0
36.62861380		127.45848550		119.97096000		0		0		0		0
36.62860940		127.45849560		118.43127000		0		0		0		0
36.62860210		127.45851650		112.32066000		0		0		0		0
36.62859910		127.45852700		109.93034000		0		0		0		0
36.62859660		127.45853790		106.02855000		0		0		0		0
36.62859440		127.45854870		103.95178000		0		0		0		0
36.62859290		127.45855970		100.16264000		0		0		0		0
36.62859190		127.45857080		96.74031000		0		0		0		0
36.62859140		127.45858170		93.12915000		0		0		0		0
36.62859170		127.45859250		88.13560000		0		0		0		0
36.62859250		127.45860340		84.97631000		0		0		0		0
36.62859410		127.45861430		80.27570000		0		0		0		0
36.62859630		127.45862500		75.40111000		0		0		0		0
36.62859920		127.45863560		71.84552000		0		0		0		0
36.62860280		127.45864590		66.70594000		0		0		0		0
36.62860700		127.45865590		62.64570000		0		0		0		0
36.62861200		127.45866560		57.81269000		0		0		0		0
36.62861740		127.45867490		54.41243000		0		0		0		0
36.62862330		127.45868380		50.50485000		0		0		0		0
36.62862990		127.45869210		46.14190000		0		0		0		0
36.62863680		127.45870010		43.11972000		0		0		0		0
36.62864420		127.45870760		39.65476000		0		0		0		0
36.62865200		127.45871490		37.02506000		0		0		0		0
36.62865990		127.45872190		35.63658000		0		0		0		0
36.62866810		127.45872840		32.75799000		0		0		0		0
36.62867660		127.45873480		31.60235000		0		0		0		0
36.62868520		127.45874100		30.42661000		0		0		0		0
36.62869400		127.45874710		28.95267000		0		0		0		0
36.62870290		127.45875290		28.11640000		0		0		0		0
36.62871200		127.45875870		27.00401000		0		0		0		0
36.62872130		127.45876440		26.68270000		0		0		0		0
36.62873060		127.45877010		26.25530000		0		0		0		0
36.62874000		127.45877540		24.47288000		0		0		0		0
36.62874940		127.45878100		25.72496000		0		0		0		0
36.62875900		127.45878620		24.39213000		0		0		0		0
36.62876870		127.45879140		23.88488000		0		0		0		0
36.62877840		127.45879720		25.06468000		0		0		0		0
36.62878810		127.45880270		24.68449000		0		0		0		0
36.62879770		127.45880810		24.30088000		0		0		0		0
36.62880740		127.45881350		24.34650000		0		0		0		0
36.62881690		127.45881890		24.45919000		0		0		0		0
36.62882620		127.45882400		24.08944000		0		0		0		0
36.62883520		127.45882920		24.65492000		0		0		0		0
36.62884420		127.45883410		23.86803000		0		0		0		0
36.62885290		127.45883890		23.93985000		0		0		0		0
36.62886100		127.45884330		23.86662000		0		0		0		0
36.62886880		127.45884750		23.34304000		0		0		0		0
36.62887620		127.45885140		23.04427000		0		0		0		0
36.62888330		127.45885520		23.80231000		0		0		0		0
36.62889000		127.45885900		24.04606000		0		0		0		0
36.62889660		127.45886240		23.05924000		0		0		0		0
36.62890290		127.45886580		23.37575000		0		0		0		0
36.62890890		127.45886910		23.64608000		0		0		0		0
36.62891480		127.45887210		22.34094000		0		0		0		0
36.62892030		127.45887550		25.58572000		0		0		0		0
36.62892550		127.45887880		26.79734000		0		0		0		0
36.62893050		127.45888240		29.10542000		0		0		0		0
36.62893510		127.45888600		31.83518000		0		0		0		0
36.62893920		127.45888980		35.42887000		0		0		0		0
36.62894300		127.45889380		38.52317000		0		0		0		0
36.62894630		127.45889770		42.45177000		0		0		0		0
36.62894920		127.45890230		49.68851000		0		0		0		0
36.62895190		127.45890690		52.80074000		0		0		0		0
36.62895410		127.45891200		59.11074000		0		0		0		0
36.62895590		127.45891740		66.69842000		0		0		0		0
36.62895740		127.45892310		69.76860000		0		0		0		0
36.62895820		127.45892920		78.25945000		0		0		0		0
36.62895850		127.45893540		84.71654000		0		0		0		0
36.62895830		127.45894230		90.56729000		0		0		0		0
36.62895790		127.45894930		93.05508000		0		0		0		0
36.62895670		127.45895640		99.65993000		0		0		0		0
36.62895530		127.45896370		102.95701000		0		0		0		0
36.62895350		127.45897110		106.12971000		0		0		0		0
36.62895110		127.45897880		110.31374000		0		0		0		0
36.62894840		127.45898650		112.99800000		0		0		0		0
36.62894540		127.45899460		114.82649000		0		0		0		0
36.62894220		127.45900300		115.40882000		0		0		0		0
36.62893890		127.45901170		115.63338000		0		0		0		0
36.62893530		127.45902070		116.11021000		0		0		0		0
36.62893160		127.45902990		116.40585000		0		0		0		0
36.62892780		127.45903940		116.62646000		0		0		0		0
36.62892400		127.45904890		116.49684000		0		0		0		0
36.62891990		127.45905880		117.29865000		0		0		0		0
36.62891570		127.45906890		117.13246000		0		0		0		0
36.62891140		127.45907930		117.44995000		0		0		0		0
36.62890710		127.45908980		117.14321000		0		0		0		0
36.62890260		127.45910060		116.98487000		0		0		0		0
36.62889820		127.45911140		117.10605000		0		0		0		0
36.62889360		127.45912230		117.31532000		0		0		0		0
36.62888900		127.45913350		117.19693000		0		0		0		0
36.62888430		127.45914460		117.54399000		0		0		0		0
36.62887960		127.45915590		117.45831000		0		0		0		0
36.62887470		127.45916740		117.56403000		0		0		0		0
36.62886980		127.45917890		118.23109000		0		0		0		0
36.62886480		127.45919050		117.86515000		0		0		0		0
36.62885980		127.45920220		117.84683000		0		0		0		0
36.62885470		127.45921400		117.99743000		0		0		0		0
36.62884960		127.45922620		117.56630000		0		0		0		0
36.62884430		127.45923820		118.28345000		0		0		0		0
36.62883890		127.45925040		118.97653000		0		0		0		0
36.62883330		127.45926260		119.64982000		0		0		0		0
36.62882760		127.45927510		119.57256000		0		0		0		0
36.62882160		127.45928730		121.27465000		0		0		0		0
36.62881560		127.45929990		120.62439000		0		0		0		0
36.62880920		127.45931210		122.59243000		0		0		0		0
36.62880280		127.45932480		121.97651000		0		0		0		0
36.62879620		127.45933750		122.82194000		0		0		0		0
36.62878960		127.45935020		123.14733000		0		0		0		0
36.62878280		127.45936300		123.22852000		0		0		0		0
36.62877590		127.45937600		123.58828000		0		0		0		0
36.62876890		127.45938890		124.52095000		0		0		0		0
36.62876190		127.45940210		123.85100000		0		0		0		0
36.62875480		127.45941530		123.92871000		0		0		0		0
36.62874750		127.45942840		124.72865000		0		0		0		0
36.62874020		127.45944180		124.22116000		0		0		0		0
36.62873270		127.45945510		125.10683000		0		0		0		0
36.62872500		127.45946820		126.02188000		0		0		0		0
36.62871740		127.45948150		125.12001000		0		0		0		0
36.62870990		127.45949490		125.10020000		0		0		0		0
36.62870240		127.45950820		125.14029000		0		0		0		0
36.62869510		127.45952140		124.62309000		0		0		0		0
36.62868780		127.45953460		124.02961000		0		0		0		0
36.62868070		127.45954760		124.66023000		0		0		0		0
36.62867420		127.45956070		121.94206000		0		0		0		0
36.62866700		127.45957370		123.98098000		0		0		0		0
36.62865980		127.45958640		124.77112000		0		0		0		0
36.62865280		127.45959920		124.59288000		0		0		0		0
36.62864560		127.45961220		124.30554000		0		0		0		0
36.62863880		127.45962560		122.85519000		0		0		0		0
36.62863160		127.45963820		124.94849000		0		0		0		0
36.62862450		127.45965120		124.24632000		0		0		0		0
36.62861720		127.45966430		124.41235000		0		0		0		0
36.62861020		127.45967730		124.14807000		0		0		0		0
36.62860280		127.45969040		124.67341000		0		0		0		0
36.62858810		127.45971710		124.92699000		0		0		0		0
36.62858150		127.45973010		123.03692000		0		0		0		0
36.62857420		127.45974360		123.22652000		0		0		0		0
36.62856700		127.45975660		124.18142000		0		0		0		0
36.62856000		127.45976950		124.30459000		0		0		0		0
36.62855280		127.45978220		124.88486000		0		0		0		0
36.62854590		127.45979490		124.14693000		0		0		0		0
36.62853890		127.45980720		124.86681000		0		0		0		0
36.62853220		127.45981920		124.66823000		0		0		0		0
36.62852560		127.45983080		125.00276000		0		0		0		0
36.62851920		127.45984170		125.68694000		0		0		0		0
36.62851300		127.45985160		127.50909000		0		0		0		0
36.62850710		127.45986070		128.95949000		0		0		0		0
36.62850110		127.45986870		132.01433000		0		0		0		0
36.62849500		127.45987640		134.34512000		0		0		0		0
36.62848880		127.45988360		137.06807000		0		0		0		0
36.62848210		127.45989020		140.95001000		0		0		0		0
36.62847540		127.45989460		149.12735000		0		0		0		0
36.62846830		127.45989870		153.44053000		0		0		0		0
36.62846070		127.45990250		156.82485000		0		0		0		0
36.62845270		127.45990570		161.30744000		0		0		0		0
36.62844440		127.45990850		164.44971000		0		0		0		0
36.62843570		127.45991070		167.02155000		0		0		0		0
36.62842680		127.45991280		169.11656000		0		0		0		0
36.62841770		127.45991480		171.15983000		0		0		0		0
36.62840830		127.45991650		171.56523000		0		0		0		0
36.62839870		127.45991790		173.14793000		0		0		0		0
36.62838900		127.45991920		173.45866000		0		0		0		0
36.62837890		127.45992060		173.43621000		0		0		0		0
36.62836870		127.45992200		173.47989000		0		0		0		0
36.62835850		127.45992340		173.85714000		0		0		0		0
36.62834800		127.45992490		173.48678000		0		0		0		0
36.62833760		127.45992620		174.10895000		0		0		0		0
36.62832750		127.45992680		176.65174000		0		0		0		0
36.62831730		127.45992790		175.40299000		0		0		0		0
36.62830710		127.45992940		173.60049000		0		0		0		0
36.62829690		127.45993090		173.19156000		0		0		0		0
36.62828670		127.45993240		173.23812000		0		0		0		0
36.62827670		127.45993390		173.01454000		0		0		0		0
36.62826620		127.45993560		172.75623000		0		0		0		0
36.62825520		127.45993750		171.62380000		0		0		0		0
36.62824440		127.45993940		171.97639000		0		0		0		0
36.62823380		127.45994130		172.34373000		0		0		0		0
36.62822300		127.45994320		172.17958000		0		0		0		0
36.62821210		127.45994480		172.82294000		0		0		0		0
36.62820140		127.45994630		173.28883000		0		0		0		0
36.62819100		127.45994830		171.88245000		0		0		0		0
36.62818090		127.45994980		173.18083000		0		0		0		0
36.62817130		127.45995150		172.16045000		0		0		0		0
36.62816200		127.45995320		171.54480000		0		0		0		0
36.62815290		127.45995510		170.79120000		0		0		0		0
36.62814400		127.45995750		168.31444000		0		0		0		0
36.62813530		127.45996000		166.97410000		0		0		0		0
36.62812700		127.45996310		164.13737000		0		0		0		0
36.62811890		127.45996670		160.45943000		0		0		0		0
36.62811110		127.45997090		156.78266000		0		0		0		0
36.62810360		127.45997580		152.68770000		0		0		0		0
36.62809620		127.45998120		149.70717000		0		0		0		0
36.62808890		127.45998740		146.29698000		0		0		0		0
36.62808180		127.45999400		143.26467000		0		0		0		0
36.62807490		127.46000110		140.37055000		0		0		0		0
36.62806830		127.46000850		138.31682000		0		0		0		0
36.62806180		127.46001610		136.74625000		0		0		0		0
36.62805560		127.46002370		134.94779000		0		0		0		0
36.62804980		127.46003140		133.41915000		0		0		0		0
36.62804410		127.46003900		132.68547000		0		0		0		0
36.62803870		127.46004660		132.15286000		0		0		0		0
36.62803360		127.46005400		131.11034000		0		0		0		0
36.62802840		127.46006130		130.90835000		0		0		0		0
36.62802360		127.46006840		130.44500000		0		0		0		0
36.62801900		127.46007540		129.12699000		0		0		0		0
36.62801480		127.46008180		129.63629000		0		0		0		0
36.62801060		127.46008780		131.04927000		0		0		0		0
36.62800650		127.46009330		132.10617000		0		0		0		0
36.62800220		127.46009840		135.47161000		0		0		0		0
36.62799790		127.46010300		137.77721000		0		0		0		0
36.62799370		127.46010710		140.46690000		0		0		0		0
36.62798950		127.46011090		143.12249000		0		0		0		0
36.62798500		127.46011440		146.87790000		0		0		0		0
36.62798070		127.46011730		151.46947000		0		0		0		0
36.62797640		127.46011960		155.61982000		0		0		0		0
36.62797230		127.46012120		160.96128000		0		0		0		0
36.62796800		127.46012210		167.31815000		0		0		0		0
36.62796340		127.46012270		172.70624000		0		0		0		0
36.62795880		127.46012280		177.87325000		0		0		0		0
36.62795350		127.46012220		184.04484000		0		0		0		0
36.62794810		127.46012100		189.06725000		0		0		0		0
36.62794230		127.46011900		194.98402000		0		0		0		0
36.62793630		127.46011620		198.95524000		0		0		0		0
36.62793010		127.46011280		203.45370000		0		0		0		0
36.62792380		127.46010880		206.73035000		0		0		0		0
36.62791720		127.46010450		208.10948000		0		0		0		0
36.62791070		127.46009950		211.78587000		0		0		0		0
36.62790370		127.46009420		211.40550000		0		0		0		0
36.62789680		127.46008870		213.27729000		0		0		0		0
36.62788980		127.46008290		213.98606000		0		0		0		0
36.62788270		127.46007650		215.46755000		0		0		0		0
36.62787530		127.46007020		214.82172000		0		0		0		0
36.62786730		127.46006320		214.83020000		0		0		0		0
36.62785960		127.46005650		215.40496000		0		0		0		0
36.62785180		127.46004980		215.38010000		0		0		0		0
36.62784390		127.46004260		216.18960000		0		0		0		0
36.62783560		127.46003520		215.85034000		0		0		0		0
36.62782710		127.46002780		215.64051000		0		0		0		0
36.62781870		127.46002020		216.30743000		0		0		0		0
36.62781010		127.46001240		216.21856000		0		0		0		0
36.62780140		127.46000450		216.44486000		0		0		0		0
36.62779250		127.45999630		216.50782000		0		0		0		0
36.62778340		127.45998820		216.30493000		0		0		0		0
36.62777440		127.45997980		216.82183000		0		0		0		0
36.62776490		127.45997130		216.22690000		0		0		0		0
36.62775560		127.45996270		216.55616000		0		0		0		0
36.62774600		127.45995410		216.03174000		0		0		0		0
36.62773630		127.45994530		216.42524000		0		0		0		0
36.62772650		127.45993630		216.46824000		0		0		0		0
36.62771670		127.45992740		216.54309000		0		0		0		0
36.62770660		127.45991820		216.22787000		0		0		0		0
36.62769650		127.45990910		216.04071000		0		0		0		0
36.62768630		127.45989990		216.19958000		0		0		0		0
36.62767590		127.45989060		215.91408000		0		0		0		0
36.62766550		127.45988120		216.36453000		0		0		0		0
36.62765510		127.45987160		216.44957000		0		0		0		0
36.62764480		127.45986210		216.65778000		0		0		0		0
36.62763440		127.45985280		215.97685000		0		0		0		0
36.62762400		127.45984340		216.19684000		0		0		0		0
36.62761350		127.45983390		216.03459000		0		0		0		0
36.62760290		127.45982420		216.46751000		0		0		0		0
36.62759230		127.45981450		216.29429000		0		0		0		0
36.62758150		127.45980470		216.33008000		0		0		0		0
36.62757090		127.45979440		217.98803000		0		0		0		0
36.62756000		127.45978480		215.42914000		0		0		0		0
36.62754930		127.45977450		217.64426000		0		0		0		0
36.62753830		127.45976460		215.96907000		0		0		0		0
36.62752760		127.45975460		216.82733000		0		0		0		0
36.62751700		127.45974460		217.14268000		0		0		0		0
36.62750630		127.45973440		217.69302000		0		0		0		0
36.62749540		127.45972500		214.61849000		0		0		0		0
36.62748500		127.45971490		218.08728000		0		0		0		0
36.62747400		127.45970520		215.32226000		0		0		0		0
36.62746330		127.45969560		215.95520000		0		0		0		0
36.62745250		127.45968590		215.92666000		0		0		0		0
36.62744170		127.45967640		215.19220000		0		0		0		0
36.62743090		127.45966700		215.21609000		0		0		0		0
36.62742030		127.45965750		215.77802000		0		0		0		0
36.62740950		127.45964820		215.30161000		0		0		0		0
36.62739880		127.45963850		215.85064000		0		0		0		0
36.62738810		127.45962900		215.68221000		0		0		0		0
36.62737750		127.45961950		215.84444000		0		0		0		0
36.62736690		127.45960960		217.12812000		0		0		0		0
36.62735640		127.45960020		215.73028000		0		0		0		0
36.62734560		127.45959100		214.52732000		0		0		0		0
36.62733510		127.45958170		215.28077000		0		0		0		0
36.62732470		127.45957240		215.69220000		0		0		0		0
36.62731420		127.45956310		215.47750000		0		0		0		0
36.62730380		127.45955380		215.74064000		0		0		0		0
36.62729340		127.45954450		215.60394000		0		0		0		0
36.62728310		127.45953500		216.66992000		0		0		0		0
36.62727290		127.45952560		216.45395000		0		0		0		0
36.62726280		127.45951630		216.36605000		0		0		0		0
36.62725260		127.45950760		215.15232000		0		0		0		0
36.62724240		127.45949900		214.89158000		0		0		0		0
36.62723240		127.45949030		215.20346000		0		0		0		0
36.62722260		127.45948160		215.58800000		0		0		0		0
36.62721270		127.45947320		214.24373000		0		0		0		0
36.62720290		127.45946440		215.01332000		0		0		0		0
36.62719330		127.45945620		214.57806000		0		0		0		0
36.62718390		127.45944750		216.43998000		0		0		0		0
36.62717440		127.45943940		215.13229000		0		0		0		0
36.62716510		127.45943070		216.62400000		0		0		0		0
36.62715580		127.45942260		215.87342000		0		0		0		0
36.62714670		127.45941450		215.52812000		0		0		0		0
36.62713790		127.45940630		215.91403000		0		0		0		0
36.62712920		127.45939850		216.29418000		0		0		0		0
36.62712040		127.45939060		215.56563000		0		0		0		0
36.62710380		127.45937520		216.83071000		0		0		0		0
36.62709540		127.45936800		215.86297000		0		0		0		0
36.62708710		127.45936050		216.93315000		0		0		0		0
36.62707840		127.45935220		217.90100000		0		0		0		0
36.62707040		127.45934520		215.89231000		0		0		0		0
36.62706240		127.45933820		214.27940000		0		0		0		0
36.62705470		127.45933020		218.29804000		0		0		0		0
36.62704590		127.45932340		213.65378000		0		0		0		0
36.62703810		127.45931580		217.84058000		0		0		0		0
36.62703020		127.45930820		217.45806000		0		0		0		0
36.62702210		127.45930080		216.62389000		0		0		0		0
36.62701400		127.45929310		217.81535000		0		0		0		0
36.62700570		127.45928560		216.88600000		0		0		0		0
36.62699740		127.45927800		216.61093000		0		0		0		0
36.62698900		127.45927020		217.37095000		0		0		0		0
36.62698090		127.45926270		217.11742000		0		0		0		0
36.62697270		127.45925520		216.71761000		0		0		0		0
36.62696460		127.45924780		216.70630000		0		0		0		0
36.62695650		127.45924040		216.60925000		0		0		0		0
36.62694840		127.45923340		215.41510000		0		0		0		0
36.62694030		127.45922600		216.50116000		0		0		0		0
36.62693240		127.45921890		216.33822000		0		0		0		0
36.62692450		127.45921180		216.01670000		0		0		0		0
36.62691670		127.45920460		216.94667000		0		0		0		0
36.62690910		127.45919790		215.69318000		0		0		0		0
36.62690160		127.45919110		216.21521000		0		0		0		0
36.62689420		127.45918470		215.22188000		0		0		0		0
36.62688710		127.45917790		217.29550000		0		0		0		0
36.62688020		127.45917180		215.44216000		0		0		0		0
36.62687360		127.45916570		216.88025000		0		0		0		0
36.62686720		127.45916040		214.78381000		0		0		0		0
36.62686120		127.45915520		215.67526000		0		0		0		0
36.62685540		127.45915050		213.11480000		0		0		0		0
36.62684960		127.45914630		211.15526000		0		0		0		0
36.62684380		127.45914260		208.73779000		0		0		0		0
36.62683800		127.45913930		205.19727000		0		0		0		0
36.62683230		127.45913670		201.43896000		0		0		0		0
36.62682650		127.45913460		197.50541000		0		0		0		0
36.62682030		127.45913310		191.73303000		0		0		0		0
36.62681400		127.45913200		189.09338000		0		0		0		0
36.62680750		127.45913140		184.19519000		0		0		0		0
36.62680080		127.45913170		179.18986000		0		0		0		0
36.62679400		127.45913230		176.12555000		0		0		0		0
36.62678710		127.45913360		171.63062000		0		0		0		0
36.62678010		127.45913570		167.44452000		0		0		0		0
36.62677300		127.45913840		163.64029000		0		0		0		0
36.62676600		127.45914180		159.09573000		0		0		0		0
36.62675920		127.45914590		154.67888000		0		0		0		0
36.62675240		127.45915070		150.67431000		0		0		0		0
36.62674580		127.45915610		146.65192000		0		0		0		0
36.62673960		127.45916220		141.75461000		0		0		0		0
36.62673360		127.45916880		138.39410000		0		0		0		0
36.62672770		127.45917620		135.40917000		0		0		0		0
36.62672200		127.45918420		131.65431000		0		0		0		0
36.62671650		127.45919240		129.71626000		0		0		0		0
36.62671090		127.45920060		130.15145000		0		0		0		0
36.62670540		127.45920940		127.73340000		0		0		0		0
36.62669980		127.45921830		127.87652000		0		0		0		0
36.62669440		127.45922740		126.97748000		0		0		0		0
36.62668880		127.45923680		126.25678000		0		0		0		0
36.62668330		127.45924630		125.89347000		0		0		0		0
36.62667760		127.45925600		126.12045000		0		0		0		0
36.62667190		127.45926550		126.42273000		0		0		0		0
36.62666620		127.45927500		126.46282000		0		0		0		0
36.62666060		127.45928450		125.92365000		0		0		0		0
36.62665500		127.45929390		126.34172000		0		0		0		0
36.62664940		127.45930320		126.68340000		0		0		0		0
36.62664390		127.45931230		126.28159000		0		0		0		0
36.62663860		127.45932130		126.08831000		0		0		0		0
36.62663300		127.45933060		126.55917000		0		0		0		0
36.62662740		127.45934020		125.60834000		0		0		0		0
36.62662180		127.45934930		127.32837000		0		0		0		0
36.62661640		127.45935850		126.20897000		0		0		0		0
36.62661080		127.45936760		127.60739000		0		0		0		0
36.62660470		127.45937660		129.18143000		0		0		0		0
36.62659870		127.45938510		130.74963000		0		0		0		0
36.62659230		127.45939320		134.37497000		0		0		0		0
36.62658570		127.45940110		135.67690000		0		0		0		0
36.62657860		127.45940890		138.10451000		0		0		0		0
36.62657150		127.45941630		140.08773000		0		0		0		0
36.62656410		127.45942320		142.86876000		0		0		0		0
36.62655660		127.45942960		145.33391000		0		0		0		0
36.62654880		127.45943570		147.18810000		0		0		0		0
36.62654080		127.45944150		149.91074000		0		0		0		0
36.62653270		127.45944640		153.74073000		0		0		0		0
36.62652450		127.45945090		155.98365000		0		0		0		0
36.62651620		127.45945510		157.77375000		0		0		0		0
36.62650780		127.45945840		161.95758000		0		0		0		0
36.62649930		127.45946090		166.44957000		0		0		0		0
36.62649080		127.45946270		170.50709000		0		0		0		0
36.62648220		127.45946330		176.10430000		0		0		0		0
36.62647370		127.45946340		179.81801000		0		0		0		0
36.62646530		127.45946230		185.55479000		0		0		0		0
36.62645700		127.45946050		189.34926000		0		0		0		0
36.62644860		127.45945820		192.52149000		0		0		0		0
36.62644020		127.45945530		195.30672000		0		0		0		0
36.62643180		127.45945170		198.48993000		0		0		0		0
36.62642320		127.45944780		199.99262000		0		0		0		0
36.62641480		127.45944390		200.53804000		0		0		0		0
36.62640670		127.45943920		205.17125000		0		0		0		0
36.62639820		127.45943450		204.28191000		0		0		0		0
36.62638930		127.45942940		204.85812000		0		0		0		0
36.62638090		127.45942390		207.55784000		0		0		0		0
36.62637230		127.45941850		207.30408000		0		0		0		0
36.62636370		127.45941240		209.76223000		0		0		0		0
36.62635490		127.45940640		208.71281000		0		0		0		0
36.62634620		127.45939990		210.70095000		0		0		0		0
36.62633750		127.45939310		212.68523000		0		0		0		0
36.62632890		127.45938610		213.37104000		0		0		0		0
36.62632030		127.45937880		214.13901000		0		0		0		0
36.62631170		127.45937150		214.40147000		0		0		0		0
36.62630310		127.45936390		215.36212000		0		0		0		0
36.62629440		127.45935650		214.72032000		0		0		0		0
36.62628580		127.45934870		215.91359000		0		0		0		0
36.62627700		127.45934100		215.57080000		0		0		0		0
36.62626810		127.45933310		215.65926000		0		0		0		0
36.62625920		127.45932530		215.54058000		0		0		0		0
36.62625030		127.45931760		215.19077000		0		0		0		0
36.62624130		127.45930950		215.70868000		0		0		0		0
36.62623220		127.45930140		215.73501000		0		0		0		0
36.62622330		127.45929350		215.63645000		0		0		0		0
36.62621450		127.45928560		215.78645000		0		0		0		0
36.62620570		127.45927760		216.46167000		0		0		0		0
36.62619700		127.45927010		215.00475000		0		0		0		0
36.62618850		127.45926240		215.47416000		0		0		0		0
36.62618030		127.45925510		215.76206000		0		0		0		0
36.62617240		127.45924800		215.60813000		0		0		0		0
36.62616480		127.45924120		216.03968000		0		0		0		0
36.62615750		127.45923460		215.55772000		0		0		0		0
36.62615020		127.45922810		215.55820000		0		0		0		0
36.62614300		127.45922190		214.96277000		0		0		0		0
36.62613620		127.45921560		216.05190000		0		0		0		0
36.62612920		127.45920920		216.23634000		0		0		0		0
36.62612210		127.45920280		215.75473000		0		0		0		0
36.62611450		127.45919600		215.68896000		0		0		0		0
36.62610710		127.45918930		216.12632000		0		0		0		0
36.62609960		127.45918220		216.17001000		0		0		0		0
36.62609180		127.45917530		215.25752000		0		0		0		0
36.62608360		127.45916790		216.02513000		0		0		0		0
36.62607540		127.45916080		215.14666000		0		0		0		0
36.62606690		127.45915310		215.63993000		0		0		0		0
36.62605840		127.45914540		216.34057000		0		0		0		0
36.62604960		127.45913750		215.93659000		0		0		0		0
36.62604060		127.45912950		215.76177000		0		0		0		0
36.62603160		127.45912140		216.02061000		0		0		0		0
36.62602260		127.45911300		216.98787000		0		0		0		0
36.62601350		127.45910470		216.72855000		0		0		0		0
36.62600420		127.45909620		216.28940000		0		0		0		0
36.62599500		127.45908750		216.95284000		0		0		0		0
36.62598570		127.45907890		216.60722000		0		0		0		0
36.62597640		127.45907020		216.61541000		0		0		0		0
36.62596690		127.45906160		216.33880000		0		0		0		0
36.62595770		127.45905290		217.22571000		0		0		0		0
36.62594850		127.45904400		217.80819000		0		0		0		0
36.62593900		127.45903520		216.79247000		0		0		0		0
36.62592980		127.45902630		217.50795000		0		0		0		0
36.62592040		127.45901760		217.14186000		0		0		0		0
36.62591100		127.45900870		216.91096000		0		0		0		0
36.62590160		127.45899980		216.87157000		0		0		0		0
36.62589220		127.45899120		216.76944000		0		0		0		0
36.62588290		127.45898210		218.30446000		0		0		0		0
36.62587330		127.45897320		216.44492000		0		0		0		0
36.62586400		127.45896430		217.52740000		0		0		0		0
36.62585450		127.45895520		217.60104000		0		0		0		0
36.62584500		127.45894640		216.77795000		0		0		0		0
36.62583570		127.45893750		217.49735000		0		0		0		0
36.62582640		127.45892850		217.81066000		0		0		0		0
36.62581720		127.45891960		217.77278000		0		0		0		0
36.62580800		127.45891060		217.81593000		0		0		0		0
36.62579870		127.45890170		218.02574000		0		0		0		0
36.62578940		127.45889270		217.49557000		0		0		0		0
36.62578000		127.45888400		216.94069000		0		0		0		0
36.62577070		127.45887510		216.97858000		0		0		0		0
36.62576140		127.45886650		216.94071000		0		0		0		0
36.62575220		127.45885780		217.08256000		0		0		0		0
36.62574290		127.45884930		216.30560000		0		0		0		0
36.62573360		127.45884060		216.71570000		0		0		0		0
36.62572430		127.45883200		215.84803000		0		0		0		0
36.62571490		127.45882360		216.14833000		0		0		0		0
36.62570570		127.45881520		216.79179000		0		0		0		0
36.62569650		127.45880650		216.86355000		0		0		0		0
36.62568740		127.45879820		216.61304000		0		0		0		0
36.62567820		127.45878980		216.70110000		0		0		0		0
36.62566910		127.45878140		217.02121000		0		0		0		0
36.62566000		127.45877330		216.14785000		0		0		0		0
36.62565120		127.45876550		215.72094000		0		0		0		0
36.62564230		127.45875770		215.66845000		0		0		0		0
36.62563350		127.45874980		215.92960000		0		0		0		0
36.62562480		127.45874210		216.09286000		0		0		0		0
36.62561610		127.45873470		215.71023000		0		0		0		0
36.62560760		127.45872740		215.27016000		0		0		0		0
36.62559950		127.45871920		216.95638000		0		0		0		0
36.62559120		127.45871250		213.87022000		0		0		0		0
36.62558280		127.45870610		212.50482000		0		0		0		0
36.62557490		127.45869820		216.77134000		0		0		0		0
36.62556650		127.45869180		213.21119000		0		0		0		0
36.62555820		127.45868550		212.33549000		0		0		0		0
36.62554970		127.45867980		209.68517000		0		0		0		0
36.62554110		127.45867390		209.45603000		0		0		0		0
36.62553250		127.45866870		206.53485000		0		0		0		0
36.62552380		127.45866360		206.02622000		0		0		0		0
36.62551500		127.45865840		205.81162000		0		0		0		0
36.62550610		127.45865360		204.91085000		0		0		0		0
36.62549700		127.45864890		203.79871000		0		0		0		0
36.62548820		127.45864380		204.43818000		0		0		0		0
36.62547910		127.45863900		203.60732000		0		0		0		0
36.62546990		127.45863420		203.52243000		0		0		0		0
36.62546090		127.45862910		204.28153000		0		0		0		0
36.62545190		127.45862400		204.41957000		0		0		0		0
36.62544280		127.45861880		204.77126000		0		0		0		0
36.62543380		127.45861340		205.34587000		0		0		0		0
36.62542490		127.45860770		206.79719000		0		0		0		0
36.62541590		127.45860230		206.48446000		0		0		0		0
36.62540740		127.45859630		208.13149000		0		0		0		0
36.62539900		127.45859050		209.51971000		0		0		0		0
36.62539040		127.45858420		210.45128000		0		0		0		0
36.62538250		127.45857810		211.60951000		0		0		0		0
36.62537460		127.45857190		212.81878000		0		0		0		0
36.62536680		127.45856520		214.39505000		0		0		0		0
36.62535840		127.45855860		212.84320000		0		0		0		0
36.62535090		127.45855170		215.86008000		0		0		0		0
36.62534340		127.45854550		214.86837000		0		0		0		0
36.62533560		127.45853940		213.70931000		0		0		0		0
36.62532780		127.45853270		214.34699000		0		0		0		0
36.62532030		127.45852610		215.20514000		0		0		0		0
36.62531250		127.45851960		214.58437000		0		0		0		0
36.62530490		127.45851280		215.47937000		0		0		0		0
36.62529720		127.45850600		215.21847000		0		0		0		0
36.62528940		127.45849930		215.19910000		0		0		0		0
36.62528190		127.45849240		216.37140000		0		0		0		0
36.62527420		127.45848570		215.66500000		0		0		0		0
36.62526630		127.45847880		215.15855000		0		0		0		0
36.62525860		127.45847180		216.05107000		0		0		0		0
36.62525080		127.45846460		216.70750000		0		0		0		0
36.62524300		127.45845740		216.67058000		0		0		0		0
36.62523520		127.45845020		216.78490000		0		0		0		0
36.62522740		127.45844290		216.86255000		0		0		0		0
36.62521960		127.45843570		216.65180000		0		0		0		0
36.62521170		127.45842830		217.03725000		0		0		0		0
36.62520400		127.45842090		217.72750000		0		0		0		0
36.62519590		127.45841380		216.02047000		0		0		0		0
36.62518800		127.45840640		216.74890000		0		0		0		0
36.62518000		127.45839930		216.50524000		0		0		0		0
36.62517190		127.45839200		216.94630000		0		0		0		0
36.62516380		127.45838480		216.43192000		0		0		0		0
36.62515560		127.45837770		216.31772000		0		0		0		0
36.62514760		127.45837020		216.47908000		0		0		0		0
36.62513960		127.45836220		218.82969000		0		0		0		0
36.62513130		127.45835530		215.68951000		0		0		0		0
36.62512310		127.45834810		216.11322000		0		0		0		0
36.62511470		127.45834110		214.03390000		0		0		0		0
36.62510640		127.45833410		214.40788000		0		0		0		0
36.62509810		127.45832670		215.31393000		0		0		0		0
36.62508970		127.45832040		212.16104000		0		0		0		0
36.62508120		127.45831380		212.07975000		0		0		0		0
36.62507300		127.45830680		213.78552000		0		0		0		0
36.62506490		127.45829940		216.19376000		0		0		0		0
36.62505680		127.45829190		216.89904000		0		0		0		0
36.62504860		127.45828440		217.11467000		0		0		0		0
36.62504050		127.45827710		216.73332000		0		0		0		0
36.62503240		127.45826960		217.66924000		0		0		0		0
36.62502460		127.45826170		219.06885000		0		0		0		0
36.62501660		127.45825350		219.50245000		0		0		0		0
36.62500890		127.45824470		222.08045000		0		0		0		0
36.62500080		127.45823600		221.07572000		0		0		0		0
36.62499320		127.45822670		223.88998000		0		0		0		0
36.62498530		127.45821730		223.90363000		0		0		0		0
36.62497720		127.45820770		223.79070000		0		0		0		0
36.62496870		127.45819830		222.16241000		0		0		0		0
36.62496020		127.45818870		222.39155000		0		0		0		0
36.62495170		127.45817900		222.13170000		0		0		0		0
36.62494270		127.45816970		220.30723000		0		0		0		0
36.62493390		127.45816050		219.97164000		0		0		0		0
36.62492480		127.45815150		219.02452000		0		0		0		0
36.62491540		127.45814290		216.84248000		0		0		0		0
36.62490610		127.45813370		218.40483000		0		0		0		0
36.62489670		127.45812500		216.99010000		0		0		0		0
36.62488720		127.45811620		216.54242000		0		0		0		0
36.62487780		127.45810760		216.63459000		0		0		0		0
36.62486850		127.45809890		217.07560000		0		0		0		0
36.62485940		127.45809020		217.01807000		0		0		0		0
36.62485020		127.45808170		217.09233000		0		0		0		0
36.62484120		127.45807300		217.63950000		0		0		0		0
36.62483220		127.45806480		216.78175000		0		0		0		0
36.62482330		127.45805630		217.58609000		0		0		0		0
36.62481460		127.45804790		217.96511000		0		0		0		0
36.62480590		127.45803970		217.48844000		0		0		0		0
36.62479710		127.45803160		216.96997000		0		0		0		0
36.62478870		127.45802350		217.77469000		0		0		0		0
36.62478030		127.45801520		218.37108000		0		0		0		0
36.62477200		127.45800740		217.81996000		0		0		0		0
36.62476420		127.45799950		218.64397000		0		0		0		0
36.62475660		127.45799240		217.83339000		0		0		0		0
36.62474960		127.45798530		219.09759000		0		0		0		0
36.62474300		127.45797870		219.10744000		0		0		0		0
36.62473660		127.45797260		218.29642000		0		0		0		0
36.62473070		127.45796680		217.94729000		0		0		0		0
36.62472530		127.45796120		219.42692000		0		0		0		0
36.62472030		127.45795590		220.25009000		0		0		0		0
36.62471560		127.45795070		221.05566000		0		0		0		0
36.62471120		127.45794550		223.10917000		0		0		0		0
36.62470680		127.45794040		223.18550000		0		0		0		0
36.62470290		127.45793520		226.08306000		0		0		0		0
36.62469480		127.45792560		225.29006000		0		0		0		0
36.62469080		127.45792150		221.95931000		0		0		0		0
36.62468720		127.45791750		221.60427000		0		0		0		0
36.62468380		127.45791370		222.24429000		0		0		0		0
36.62468060		127.45791050		220.66161000		0		0		0		0
36.62467780		127.45790760		220.52576000		0		0		0		0
36.62467500		127.45790520		217.94466000		0		0		0		0
36.62467260		127.45790320		216.67443000		0		0		0		0
36.62467070		127.45790140		217.25642000		0		0		0		0
36.62466910		127.45790000		217.75278000		0		0		0		0
36.62466800		127.45789910		217.04235000		0		0		0		0
36.62466730		127.45789830		219.23940000		0		0		0		0
36.62466690		127.45789800		218.88243000		0		0		0		0
36.62466700		127.45789820		218.88243000		0		0		0		0
36.62466690		127.45789830		218.88243000		0		0		0		0
36.62466700		127.45789840		218.88243000		0		0		0		0
36.62466690		127.45789850		218.88243000		0		0		0		0
36.62466690		127.45789850		218.88243000		0		0		0		0
36.62466690		127.45789860		218.88243000		0		0		0		0
