36.62687460		127.46013610		309.58667000		1		0		0		0
36.62687530		127.46013520		317.67029000		2		0		0		0
36.62687610		127.46013430		318.86262000		2		0		0		0
36.62687710		127.46013300		315.05780000		3		0		0		0
36.62687830		127.46013160		315.57775000		3		0		0		0
36.62687970		127.46012980		314.16849000		4		0		0		0
36.62688130		127.46012790		316.60863000		4		0		0		0
36.62688300		127.46012570		314.46564000		5		0		0		0
36.62688500		127.46012320		314.68481000		5		0		0		0
36.62688710		127.46012050		314.38786000		6		0		0		0
36.62688940		127.46011750		313.18011000		6		0		0		0
36.62689170		127.46011430		312.52091000		7		0		0		0
36.62689420		127.46011100		312.90355000		7		0		0		0
36.62689680		127.46010740		312.71249000		7		0		0		0
36.62689950		127.46010370		311.53436000		8		0		0		0
36.62690220		127.46009990		311.83637000		8		0		0		0
36.62690490		127.46009590		310.41319000		8		0		0		0
36.62690770		127.46009180		309.87747000		8		0		0		0
36.62691050		127.46008760		309.80598000		8		0		0		0
36.62691340		127.46008320		308.75935000		9		0		0		0
36.62691630		127.46007880		308.95790000		9		0		0		0
36.62691920		127.46007420		309.12984000		9		0		0		0
36.62692220		127.46006950		308.60799000		9		0		0		0
36.62692530		127.46006470		308.53108000		10		0		0		0
36.62692850		127.46005970		308.58405000		10		0		0		0
36.62693180		127.46005460		308.95003000		10		0		0		0
36.62693520		127.46004940		309.48584000		10		0		0		0
36.62693870		127.46004400		308.35104000		11		0		0		0
36.62694220		127.46003850		308.41685000		11		0		0		0
36.62694580		127.46003290		308.28783000		11		0		0		0
36.62694950		127.46002700		308.40970000		12		0		0		0
36.62695330		127.46002110		308.83788000		12		0		0		0
36.62695720		127.46001500		307.88511000		12		0		0		0
36.62696120		127.46000880		308.41326000		12		0		0		0
36.62696530		127.46000240		308.51833000		13		0		0		0
36.62696950		127.45999570		308.34409000		13		0		0		0
36.62697380		127.45998900		308.73861000		13		0		0		0
36.62697830		127.45998220		308.76062000		14		0		0		0
36.62698260		127.45997520		307.90512000		14		0		0		0
36.62698720		127.45996810		308.63213000		14		0		0		0
36.62699180		127.45996080		308.38981000		14		0		0		0
36.62699650		127.45995340		308.19170000		15		0		0		0
36.62700110		127.45994590		307.53058000		14		0		0		0
36.62700570		127.45993860		307.55081000		14		0		0		0
36.62701030		127.45993120		307.49978000		14		0		0		0
36.62701480		127.45992380		307.10135000		14		0		0		0
36.62701940		127.45991670		308.77298000		14		0		0		0
36.62702370		127.45990950		306.37645000		14		0		0		0
36.62702800		127.45990230		306.37427000		14		0		0		0
36.62703260		127.45989530		309.71528000		14		0		0		0
36.62703680		127.45988810		306.25154000		13		0		0		0
36.62704100		127.45988110		306.97222000		13		0		0		0
36.62704540		127.45987420		307.70695000		13		0		0		0
36.62704960		127.45986730		307.19729000		13		0		0		0
36.62705380		127.45986040		307.46761000		13		0		0		0
36.62705800		127.45985380		308.00427000		13		0		0		0
36.62706210		127.45984710		306.87332000		13		0		0		0
36.62706620		127.45984050		307.88486000		13		0		0		0
36.62707030		127.45983400		307.48162000		12		0		0		0
36.62707420		127.45982750		307.10807000		12		0		0		0
36.62707800		127.45982120		307.21003000		12		0		0		0
36.62708180		127.45981500		307.07447000		12		0		0		0
36.62708550		127.45980890		306.61958000		11		0		0		0
36.62708900		127.45980290		305.87976000		11		0		0		0
36.62709240		127.45979680		304.64262000		11		0		0		0
36.62709550		127.45979070		302.35880000		11		0		0		0
36.62709830		127.45978450		298.99703000		11		0		0		0
36.62710110		127.45977860		300.46242000		10		0		0		0
36.62710330		127.45977240		293.74468000		10		0		0		0
36.62710520		127.45976610		290.05192000		10		0		0		0
36.62710650		127.45975980		284.27265000		9		0		0		0
36.62710730		127.45975370		279.44161000		9		0		0		0
36.62710750		127.45974750		272.80746000		9		0		0		0
36.62710710		127.45974170		264.61468000		9		0		0		0
36.62710620		127.45973610		258.91317000		9		0		0		0
36.62710490		127.45973040		253.83609000		9		0		0		0
36.62710300		127.45972490		247.25940000		9		0		0		0
36.62710070		127.45971960		241.16196000		9		0		0		0
36.62709790		127.45971430		237.25420000		10		0		0		0
36.62709470		127.45970920		231.89983000		10		0		0		0
36.62709120		127.45970430		228.82959000		10		0		0		0
36.62708760		127.45969920		228.59785000		11		0		0		0
36.62708380		127.45969410		227.53494000		10		0		0		0
36.62708000		127.45968900		226.69765000		11		0		0		0
36.62707590		127.45968420		223.93496000		11		0		0		0
36.62707160		127.45967930		222.80243000		11		0		0		0
36.62706730		127.45967440		222.33011000		11		0		0		0
36.62706280		127.45966950		220.81331000		11		0		0		0
36.62705810		127.45966480		219.15869000		12		0		0		0
36.62705330		127.45966010		218.33728000		12		0		0		0
36.62704840		127.45965530		218.22511000		12		0		0		0
36.62704360		127.45965040		219.19693000		12		0		0		0
36.62703870		127.45964560		218.63688000		12		0		0		0
36.62703350		127.45964100		215.66754000		12		0		0		0
36.62702840		127.45963650		215.51577000		12		0		0		0
36.62702350		127.45963160		219.11144000		12		0		0		0
36.62701870		127.45962700		217.66182000		12		0		0		0
36.62701360		127.45962250		215.04741000		11		0		0		0
36.62700860		127.45961790		216.85211000		12		0		0		0
36.62700370		127.45961320		217.79508000		12		0		0		0
36.62699870		127.45960860		215.95071000		12		0		0		0
36.62699390		127.45960410		217.61246000		11		0		0		0
36.62698910		127.45959930		218.47878000		12		0		0		0
36.62698420		127.45959470		217.41090000		11		0		0		0
36.62697930		127.45959010		217.32717000		12		0		0		0
36.62697450		127.45958550		217.75876000		12		0		0		0
36.62696980		127.45958080		218.52224000		12		0		0		0
36.62696500		127.45957630		217.54982000		12		0		0		0
36.62696020		127.45957160		218.55356000		11		0		0		0
36.62695540		127.45956690		218.24912000		12		0		0		0
36.62695070		127.45956210		219.17419000		11		0		0		0
36.62694600		127.45955750		218.30061000		11		0		0		0
36.62694130		127.45955270		219.38582000		11		0		0		0
36.62693670		127.45954810		218.92013000		11		0		0		0
36.62693210		127.45954350		219.43912000		11		0		0		0
36.62692770		127.45953880		219.78354000		11		0		0		0
36.62692330		127.45953430		220.02782000		11		0		0		0
36.62691900		127.45952980		219.52446000		11		0		0		0
36.62691480		127.45952540		220.25577000		10		0		0		0
36.62691050		127.45952100		219.54918000		10		0		0		0
36.62690630		127.45951670		220.11527000		10		0		0		0
36.62690220		127.45951240		219.96530000		10		0		0		0
36.62689810		127.45950830		219.37762000		10		0		0		0
36.62689410		127.45950430		218.03664000		10		0		0		0
36.62688990		127.45950090		213.12905000		9		0		0		0
36.62688560		127.45949790		208.93544000		9		0		0		0
36.62688130		127.45949550		204.22501000		8		0		0		0
36.62687710		127.45949390		197.49310000		8		0		0		0
36.62687300		127.45949320		188.24769000		8		0		0		0
36.62686900		127.45949280		184.36862000		7		0		0		0
36.62686490		127.45949310		176.70719000		7		0		0		0
36.62686110		127.45949400		168.33878000		8		0		0		0
36.62685720		127.45949540		163.86260000		7		0		0		0
36.62685340		127.45949730		158.95737000		8		0		0		0
36.62684970		127.45949970		151.56418000		8		0		0		0
36.62684630		127.45950290		142.83073000		8		0		0		0
36.62684280		127.45950650		140.47549000		9		0		0		0
36.62683940		127.45951040		137.37087000		9		0		0		0
36.62683610		127.45951470		133.37210000		9		0		0		0
36.62683290		127.45951900		133.35943000		9		0		0		0
36.62682980		127.45952350		129.93755000		9		0		0		0
36.62682690		127.45952820		127.06405000		9		0		0		0
36.62682390		127.45953300		128.83586000		9		0		0		0
36.62682100		127.45953790		125.56167000		9		0		0		0
36.62681810		127.45954290		127.20622000		10		0		0		0
36.62681510		127.45954810		125.40151000		10		0		0		0
36.62681210		127.45955330		125.39620000		10		0		0		0
36.62680890		127.45955860		127.33044000		10		0		0		0
36.62680590		127.45956400		124.34587000		10		0		0		0
36.62680270		127.45956950		125.60180000		10		0		0		0
36.62679950		127.45957500		125.46614000		10		0		0		0
36.62679630		127.45958050		126.02680000		11		0		0		0
36.62679300		127.45958610		126.24157000		11		0		0		0
36.62678980		127.45959180		125.73672000		11		0		0		0
36.62678650		127.45959750		125.45310000		11		0		0		0
36.62678310		127.45960330		125.86026000		11		0		0		0
36.62677980		127.45960910		125.70056000		11		0		0		0
36.62677640		127.45961500		125.82041000		11		0		0		0
36.62677300		127.45962080		125.15242000		11		0		0		0
36.62676970		127.45962660		124.93253000		11		0		0		0
36.62676630		127.45963240		126.03490000		11		0		0		0
36.62676310		127.45963810		125.37583000		11		0		0		0
36.62675980		127.45964390		124.75525000		11		0		0		0
36.62675660		127.45964960		125.44200000		11		0		0		0
36.62675330		127.45965530		126.04458000		11		0		0		0
36.62674990		127.45966100		126.49035000		11		0		0		0
36.62674660		127.45966660		125.11039000		11		0		0		0
36.62674340		127.45967230		125.60026000		11		0		0		0
36.62674010		127.45967790		126.33299000		11		0		0		0
36.62673680		127.45968340		126.46998000		11		0		0		0
36.62673350		127.45968910		125.98600000		11		0		0		0
36.62673020		127.45969470		126.60702000		10		0		0		0
36.62672680		127.45970020		126.18008000		11		0		0		0
36.62672350		127.45970580		126.67146000		11		0		0		0
36.62672020		127.45971140		124.97511000		11		0		0		0
36.62671690		127.45971690		127.08981000		11		0		0		0
36.62671360		127.45972260		125.12579000		11		0		0		0
36.62671030		127.45972820		126.33899000		11		0		0		0
36.62670700		127.45973380		126.42863000		11		0		0		0
36.62670370		127.45973940		125.58292000		11		0		0		0
36.62670040		127.45974490		125.95104000		10		0		0		0
36.62669710		127.45975040		126.38716000		10		0		0		0
36.62669380		127.45975590		127.60301000		10		0		0		0
36.62669060		127.45976130		125.97472000		10		0		0		0
36.62668740		127.45976670		126.65467000		10		0		0		0
36.62668410		127.45977210		127.59297000		10		0		0		0
36.62668090		127.45977740		126.25741000		10		0		0		0
36.62667770		127.45978270		126.09978000		10		0		0		0
36.62667460		127.45978790		127.32357000		10		0		0		0
36.62667150		127.45979310		126.68666000		10		0		0		0
36.62666840		127.45979820		126.62255000		10		0		0		0
36.62666530		127.45980320		127.67388000		10		0		0		0
36.62666230		127.45980830		125.54525000		10		0		0		0
36.62665930		127.45981340		126.25889000		9		0		0		0
36.62665620		127.45981830		128.86140000		9		0		0		0
36.62665320		127.45982310		126.26613000		9		0		0		0
36.62665030		127.45982800		126.00261000		9		0		0		0
36.62664750		127.45983290		125.56899000		9		0		0		0
36.62664470		127.45983780		125.02128000		9		0		0		0
36.62664190		127.45984240		126.56971000		9		0		0		0
36.62663930		127.45984710		124.39974000		9		0		0		0
36.62663680		127.45985180		123.75380000		8		0		0		0
36.62663420		127.45985640		124.60655000		8		0		0		0
36.62663170		127.45986110		122.51683000		8		0		0		0
36.62662930		127.45986570		122.85671000		8		0		0		0
36.62662710		127.45987040		120.58742000		8		0		0		0
36.62662510		127.45987530		116.79655000		8		0		0		0
36.62662330		127.45988010		115.92209000		8		0		0		0
36.62662180		127.45988510		109.91515000		8		0		0		0
36.62662050		127.45989020		107.64780000		8		0		0		0
36.62661970		127.45989540		100.32946000		8		0		0		0
36.62661910		127.45990070		98.29787000		8		0		0		0
36.62661890		127.45990580		91.78301000		8		0		0		0
36.62661920		127.45991100		87.08726000		8		0		0		0
36.62661980		127.45991620		81.69803000		8		0		0		0
36.62662080		127.45992130		76.34100000		8		0		0		0
36.62662210		127.45992630		72.11578000		8		0		0		0
36.62662370		127.45993120		67.13721000		8		0		0		0
36.62662580		127.45993580		60.97439000		8		0		0		0
36.62662800		127.45994050		60.00571000		8		0		0		0
36.62663040		127.45994510		56.63909000		8		0		0		0
36.62663310		127.45994930		52.15330000		8		0		0		0
36.62663600		127.45995360		48.92359000		9		0		0		0
36.62663920		127.45995770		46.50668000		9		0		0		0
36.62664250		127.45996180		44.23221000		9		0		0		0
36.62664600		127.45996560		41.71806000		9		0		0		0
36.62664960		127.45996970		42.24870000		9		0		0		0
36.62665320		127.45997360		40.44392000		9		0		0		0
36.62665710		127.45997750		39.26483000		9		0		0		0
36.62666100		127.45998130		37.93930000		9		0		0		0
36.62666510		127.45998520		37.25989000		10		0		0		0
36.62666910		127.45998910		38.39350000		10		0		0		0
36.62667310		127.45999290		37.22686000		10		0		0		0
36.62667730		127.45999680		36.98691000		10		0		0		0
36.62668140		127.46000070		37.85975000		10		0		0		0
36.62668560		127.46000460		36.27885000		10		0		0		0
36.62668980		127.46000850		37.25798000		10		0		0		0
36.62669400		127.46001260		37.13643000		10		0		0		0
36.62669830		127.46001650		36.34556000		10		0		0		0
36.62670260		127.46002050		37.27106000		10		0		0		0
36.62670710		127.46002460		35.47864000		10		0		0		0
36.62671150		127.46002900		39.05042000		11		0		0		0
36.62671590		127.46003290		35.17890000		10		0		0		0
36.62672030		127.46003690		36.41589000		10		0		0		0
36.62672470		127.46004100		37.13807000		11		0		0		0
36.62672900		127.46004510		37.51902000		10		0		0		0
36.62673340		127.46004930		37.30930000		10		0		0		0
36.62673780		127.46005320		36.06624000		10		0		0		0
36.62674190		127.46005720		37.07141000		10		0		0		0
36.62674610		127.46006110		37.40243000		10		0		0		0
36.62675020		127.46006500		37.12527000		10		0		0		0
36.62675430		127.46006890		36.89008000		10		0		0		0
36.62675830		127.46007280		37.39532000		10		0		0		0
36.62676240		127.46007660		37.27461000		10		0		0		0
36.62676650		127.46008040		37.12467000		10		0		0		0
36.62677040		127.46008430		38.33510000		9		0		0		0
36.62677440		127.46008800		36.68824000		9		0		0		0
36.62677840		127.46009180		37.95599000		9		0		0		0
36.62678230		127.46009550		37.40675000		9		0		0		0
36.62678620		127.46009930		38.37531000		9		0		0		0
36.62679010		127.46010300		36.66982000		9		0		0		0
36.62679400		127.46010660		38.01953000		9		0		0		0
36.62679780		127.46011040		38.15919000		9		0		0		0
36.62680170		127.46011410		37.86053000		9		0		0		0
36.62680550		127.46011780		38.21351000		9		0		0		0
36.62680940		127.46012140		35.83844000		9		0		0		0
36.62681320		127.46012480		35.86105000		9		0		0		0
36.62681690		127.46012830		37.29554000		8		0		0		0
36.62682050		127.46013160		36.78398000		8		0		0		0
36.62682370		127.46013470		37.67961000		7		0		0		0
36.62682670		127.46013720		34.69805000		6		0		0		0
36.62682930		127.46013960		35.49486000		5		0		0		0
36.62683150		127.46014160		36.47608000		4		0		0		0
36.62683330		127.46014320		35.83654000		3		0		0		0
