36.62475220		127.45802680		31.10736000		0		0		0		0
36.62475220		127.45802680		31.10736000		0		0		0		0
36.62475220		127.45802680		31.10736000		0		0		0		0
36.62475230		127.45802680		31.10736000		0		0		0		0
36.62475230		127.45802690		31.10736000		0		0		0		0
36.62475230		127.45802690		31.10736000		0		0		0		0
36.62475230		127.45802700		31.10736000		0		0		0		0
36.62475230		127.45802710		31.10736000		0		0		0		0
36.62475230		127.45802710		31.10736000		0		0		0		0
36.62475230		127.45802720		31.10736000		0		0		0		0
36.62475230		127.45802730		31.10736000		0		0		0		0
36.62475230		127.45802730		31.10736000		0		0		0		0
36.62475230		127.45802740		31.10736000		0		0		0		0
36.62475230		127.45802740		31.10736000		0		0		0		0
36.62475220		127.45802750		31.10736000		0		0		0		0
36.62475220		127.45802760		31.10736000		0		0		0		0
36.62475220		127.45802760		31.10736000		0		0		0		0
36.62475220		127.45802770		31.10736000		0		0		0		0
36.62475220		127.45802770		31.10736000		0		0		0		0
36.62475220		127.45802780		31.10736000		0		0		0		0
36.62475210		127.45802790		31.10736000		0		0		0		0
36.62475210		127.45802790		31.10736000		0		0		0		0
36.62475210		127.45802800		31.10736000		0		0		0		0
36.62475210		127.45802810		31.10736000		0		0		0		0
36.62475200		127.45802820		31.10736000		0		0		0		0
36.62475200		127.45802820		31.10736000		0		0		0		0
36.62475200		127.45802830		31.10736000		0		0		0		0
36.62475200		127.45802830		31.10736000		0		0		0		0
36.62475200		127.45802840		31.10736000		0		0		0		0
36.62475200		127.45802840		31.10736000		0		0		0		0
36.62475200		127.45802830		31.10736000		0		0		0		0
36.62475210		127.45802830		31.10736000		0		0		0		0
36.62475210		127.45802830		31.10736000		0		0		0		0
36.62475210		127.45802820		31.10736000		0		0		0		0
36.62475220		127.45802820		31.10736000		0		0		0		0
36.62475220		127.45802820		31.10736000		0		0		0		0
36.62475220		127.45802820		31.10736000		0		0		0		0
36.62475230		127.45802820		31.10736000		0		0		0		0
36.62475230		127.45802830		31.10736000		0		0		0		0
36.62475230		127.45802820		31.10736000		0		0		0		0
36.62475230		127.45802820		31.10736000		0		0		0		0
36.62475230		127.45802830		31.10736000		0		0		0		0
36.62475240		127.45802830		31.10736000		0		0		0		0
36.62475240		127.45802830		31.10736000		0		0		0		0
36.62475240		127.45802840		31.10736000		0		0		0		0
36.62475240		127.45802840		31.10736000		0		0		0		0
36.62475240		127.45802840		31.10736000		0		0		0		0
36.62475240		127.45802850		31.10736000		0		0		0		0
36.62475250		127.45802850		31.10736000		0		0		0		0
36.62475250		127.45802850		31.10736000		0		0		0		0
36.62475250		127.45802860		31.10736000		0		0		0		0
36.62475250		127.45802870		31.10736000		0		0		0		0
36.62475250		127.45802870		31.10736000		0		0		0		0
36.62475250		127.45802880		31.10736000		0		0		0		0
36.62475250		127.45802880		31.10736000		0		0		0		0
36.62475260		127.45802890		31.10736000		0		0		0		0
36.62475260		127.45802900		31.10736000		0		0		0		0
36.62475260		127.45802900		31.10736000		0		0		0		0
36.62475260		127.45802900		31.10736000		0		0		0		0
36.62475270		127.45802900		31.10736000		0		0		0		0
36.62475280		127.45802900		31.10736000		0		0		0		0
36.62475290		127.45802900		31.10736000		0		0		0		0
36.62475290		127.45802900		31.10736000		0		0		0		0
36.62475300		127.45802900		31.10736000		0		0		0		0
36.62475310		127.45802890		31.10736000		0		0		0		0
36.62475320		127.45802880		31.10736000		0		0		0		0
36.62475330		127.45802880		31.10736000		0		0		0		0
36.62475340		127.45802870		31.10736000		0		0		0		0
36.62475340		127.45802870		31.10736000		0		0		0		0
36.62475350		127.45802870		31.10736000		0		0		0		0
36.62475350		127.45802870		31.10736000		0		0		0		0
36.62475360		127.45802870		31.10736000		0		0		0		0
36.62475360		127.45802870		31.10736000		0		0		0		0
36.62475360		127.45802880		31.10736000		0		0		0		0
36.62475370		127.45802880		31.10736000		0		0		0		0
36.62475370		127.45802890		31.10736000		0		0		0		0
36.62475370		127.45802890		31.10736000		0		0		0		0
36.62475380		127.45802900		31.10736000		0		0		0		0
36.62475380		127.45802900		31.10736000		0		0		0		0
36.62475380		127.45802910		31.10736000		0		0		0		0
36.62475390		127.45802910		31.10736000		0		0		0		0
36.62475390		127.45802910		31.10736000		0		0		0		0
36.62475400		127.45802920		31.10736000		0		0		0		0
36.62475400		127.45802920		31.10736000		0		0		0		0
36.62475410		127.45802930		31.10736000		0		0		0		0
36.62475410		127.45802930		31.10736000		0		0		0		0
36.62475420		127.45802930		31.10736000		0		0		0		0
36.62475420		127.45802940		31.10736000		0		0		0		0
36.62475420		127.45802940		31.10736000		0		0		0		0
36.62475430		127.45802940		31.10736000		0		0		0		0
36.62475430		127.45802940		31.10736000		0		0		0		0
36.62475430		127.45802940		31.10736000		0		0		0		0
36.62475430		127.45802940		31.10736000		0		0		0		0
36.62475440		127.45802940		31.10736000		0		0		0		0
36.62475440		127.45802940		31.10736000		0		0		0		0
36.62475450		127.45802940		31.10736000		0		0		0		0
36.62475450		127.45802940		31.10736000		0		0		0		0
36.62475450		127.45802940		31.10736000		0		0		0		0
36.62475460		127.45802940		31.10736000		0		0		0		0
36.62475460		127.45802940		31.10736000		0		0		0		0
36.62475460		127.45802940		31.10736000		0		0		0		0
36.62475470		127.45802940		31.10736000		0		0		0		0
36.62475470		127.45802930		31.10736000		0		0		0		0
36.62475470		127.45802930		31.10736000		0		0		0		0
36.62475480		127.45802930		31.10736000		0		0		0		0
36.62475480		127.45802930		31.10736000		0		0		0		0
36.62475480		127.45802930		31.10736000		0		0		0		0
36.62475480		127.45802930		31.10736000		0		0		0		0
36.62475480		127.45802930		31.10736000		0		0		0		0
36.62475480		127.45802940		31.10736000		0		0		0		0
36.62475480		127.45802930		31.10736000		0		0		0		0
36.62475490		127.45802940		31.10736000		0		0		0		0
36.62475520		127.45802970		33.14943000		0		0		0		0
36.62475580		127.45803000		28.37363000		0		0		0		0
36.62475630		127.45803070		42.20820000		0		0		0		0
36.62475770		127.45803130		28.00499000		0		0		0		0
36.62475880		127.45803240		33.16945000		0		0		0		0
36.62476050		127.45803370		32.13450000		0		0		0		0
36.62476230		127.45803550		35.82561000		0		0		0		0
36.62476420		127.45803760		39.62396000		0		0		0		0
36.62476670		127.45803970		36.36595000		0		0		0		0
36.62476920		127.45804200		36.60161000		0		0		0		0
36.62477230		127.45804470		35.45470000		0		0		0		0
36.62477540		127.45804770		37.27769000		0		0		0		0
36.62477880		127.45805090		36.86891000		0		0		0		0
36.62478260		127.45805420		35.51854000		0		0		0		0
36.62478660		127.45805780		35.96575000		0		0		0		0
36.62479080		127.45806190		36.36681000		0		0		0		0
36.62479530		127.45806610		36.74789000		0		0		0		0
36.62479980		127.45807050		37.06410000		0		0		0		0
36.62480480		127.45807510		36.79485000		0		0		0		0
36.62480980		127.45807990		37.11637000		0		0		0		0
36.62481510		127.45808490		37.39706000		0		0		0		0
36.62482060		127.45809020		38.08945000		0		0		0		0
36.62482610		127.45809530		37.04442000		0		0		0		0
36.62483170		127.45810050		36.04844000		0		0		0		0
36.62483710		127.45810590		38.12693000		0		0		0		0
36.62484270		127.45811110		37.49356000		0		0		0		0
36.62484840		127.45811640		37.23886000		0		0		0		0
36.62485400		127.45812160		36.81503000		0		0		0		0
36.62485970		127.45812690		36.64895000		0		0		0		0
36.62486560		127.45813250		37.26529000		0		0		0		0
36.62487130		127.45813820		38.27323000		0		0		0		0
36.62487740		127.45814390		37.30721000		0		0		0		0
36.62488280		127.45815030		42.12623000		0		0		0		0
36.62488890		127.45815610		38.50988000		0		0		0		0
36.62489490		127.45816190		37.69797000		0		0		0		0
36.62490100		127.45816780		37.68787000		0		0		0		0
36.62490700		127.45817370		38.76396000		0		0		0		0
36.62491290		127.45817940		38.28130000		0		0		0		0
36.62491900		127.45818520		37.46056000		0		0		0		0
36.62492490		127.45819100		37.92455000		0		0		0		0
36.62493090		127.45819640		36.96358000		0		0		0		0
36.62493660		127.45820210		38.29998000		0		0		0		0
36.62494220		127.45820750		38.30063000		0		0		0		0
36.62494770		127.45821320		39.22424000		0		0		0		0
36.62495330		127.45821880		39.22788000		0		0		0		0
36.62495900		127.45822410		37.72910000		0		0		0		0
36.62496400		127.45823000		41.24458000		0		0		0		0
36.62496890		127.45823600		43.61865000		0		0		0		0
36.62497370		127.45824190		44.36083000		0		0		0		0
36.62497850		127.45824800		45.44888000		0		0		0		0
36.62498780		127.45825990		45.77769000		0		0		0		0
36.62499260		127.45826570		44.20684000		0		0		0		0
36.62499740		127.45827140		43.92548000		0		0		0		0
36.62500240		127.45827730		43.64912000		0		0		0		0
36.62500730		127.45828280		42.46877000		0		0		0		0
36.62501250		127.45828830		41.18210000		0		0		0		0
36.62501780		127.45829350		39.08539000		0		0		0		0
36.62502320		127.45829880		38.44851000		0		0		0		0
36.62502860		127.45830420		38.88169000		0		0		0		0
36.62503420		127.45830930		36.32268000		0		0		0		0
36.62504010		127.45831460		34.74529000		0		0		0		0
36.62504600		127.45831980		34.88407000		0		0		0		0
36.62505210		127.45832520		35.64049000		0		0		0		0
36.62505830		127.45833070		35.76661000		0		0		0		0
36.62506480		127.45833610		34.83634000		0		0		0		0
36.62507100		127.45834250		38.59957000		0		0		0		0
36.62507800		127.45834750		31.57044000		0		0		0		0
36.62508470		127.45835380		35.48486000		0		0		0		0
36.62509180		127.45836010		35.02921000		0		0		0		0
36.62509900		127.45836640		35.50714000		0		0		0		0
36.62510640		127.45837290		35.43095000		0		0		0		0
36.62511370		127.45837990		37.23591000		0		0		0		0
36.62512150		127.45838670		35.43162000		0		0		0		0
36.62512950		127.45839370		35.81566000		0		0		0		0
36.62513750		127.45840090		35.87956000		0		0		0		0
36.62514570		127.45840830		35.92776000		0		0		0		0
36.62515420		127.45841570		34.96155000		0		0		0		0
36.62516280		127.45842330		35.36912000		0		0		0		0
36.62517160		127.45843120		35.68944000		0		0		0		0
36.62518040		127.45843920		35.84388000		0		0		0		0
36.62518950		127.45844710		34.78570000		0		0		0		0
36.62519860		127.45845530		35.86883000		0		0		0		0
36.62520790		127.45846380		36.45565000		0		0		0		0
36.62521740		127.45847220		35.99848000		0		0		0		0
36.62522660		127.45848060		36.35850000		0		0		0		0
36.62523590		127.45848880		36.05177000		0		0		0		0
36.62524500		127.45849700		35.97608000		0		0		0		0
36.62525400		127.45850520		36.12771000		0		0		0		0
36.62526280		127.45851330		36.46768000		0		0		0		0
36.62527160		127.45852130		36.08585000		0		0		0		0
36.62528010		127.45852910		36.23873000		0		0		0		0
36.62528840		127.45853670		36.60293000		0		0		0		0
36.62529640		127.45854380		36.00337000		0		0		0		0
36.62530430		127.45855050		34.64716000		0		0		0		0
36.62531150		127.45855690		35.85888000		0		0		0		0
36.62531850		127.45856320		35.78169000		0		0		0		0
36.62532550		127.45856930		35.53913000		0		0		0		0
36.62533260		127.45857510		34.09407000		0		0		0		0
36.62533980		127.45858140		35.19798000		0		0		0		0
36.62534780		127.45858770		32.56318000		0		0		0		0
36.62535550		127.45859410		33.71379000		0		0		0		0
36.62536290		127.45860030		34.38636000		0		0		0		0
36.62537040		127.45860650		33.49858000		0		0		0		0
36.62537850		127.45861290		32.78887000		0		0		0		0
36.62538660		127.45861940		32.83100000		0		0		0		0
36.62539470		127.45862540		31.12839000		0		0		0		0
36.62540300		127.45863180		31.53078000		0		0		0		0
36.62541150		127.45863790		30.55806000		0		0		0		0
36.62542010		127.45864430		30.48394000		0		0		0		0
36.62542890		127.45864930		25.53876000		0		0		0		0
36.62543770		127.45865500		27.00303000		0		0		0		0
36.62544660		127.45866090		28.05502000		0		0		0		0
36.62545580		127.45866610		26.16209000		0		0		0		0
36.62546510		127.45867130		24.76219000		0		0		0		0
36.62547450		127.45867620		23.23364000		0		0		0		0
36.62548380		127.45868120		22.96521000		0		0		0		0
36.62549310		127.45868650		24.32635000		0		0		0		0
36.62550230		127.45869220		25.43859000		0		0		0		0
36.62551180		127.45869770		25.24858000		0		0		0		0
36.62552120		127.45870370		26.90828000		0		0		0		0
36.62553070		127.45870980		27.01833000		0		0		0		0
36.62554040		127.45871620		27.86120000		0		0		0		0
36.62554990		127.45872310		30.09019000		0		0		0		0
36.62555920		127.45873050		32.16056000		0		0		0		0
36.62556860		127.45873840		34.09715000		0		0		0		0
36.62557810		127.45874610		32.79128000		0		0		0		0
36.62558770		127.45875420		33.40739000		0		0		0		0
36.62559740		127.45876280		35.43292000		0		0		0		0
36.62560700		127.45877130		35.17071000		0		0		0		0
36.62561700		127.45878000		35.01252000		0		0		0		0
36.62562690		127.45878870		34.92434000		0		0		0		0
36.62563660		127.45879760		35.63654000		0		0		0		0
36.62564660		127.45880610		35.16736000		0		0		0		0
36.62565650		127.45881540		36.88352000		0		0		0		0
36.62566650		127.45882430		36.43694000		0		0		0		0
36.62567630		127.45883360		37.46113000		0		0		0		0
36.62568620		127.45884280		37.46990000		0		0		0		0
36.62569560		127.45885200		38.01446000		0		0		0		0
36.62570530		127.45886130		38.00659000		0		0		0		0
36.62571520		127.45887030		37.34808000		0		0		0		0
36.62572500		127.45887930		36.91447000		0		0		0		0
36.62573480		127.45888820		37.14652000		0		0		0		0
36.62574460		127.45889700		36.24644000		0		0		0		0
36.62575410		127.45890590		36.77379000		0		0		0		0
36.62576380		127.45891460		36.55621000		0		0		0		0
36.62577320		127.45892350		37.10511000		0		0		0		0
36.62578260		127.45893220		36.81380000		0		0		0		0
36.62579210		127.45894070		36.14188000		0		0		0		0
36.62580120		127.45894930		37.08878000		0		0		0		0
36.62581060		127.45895780		36.19890000		0		0		0		0
36.62582010		127.45896610		35.67037000		0		0		0		0
36.62582900		127.45897490		37.95103000		0		0		0		0
36.62583840		127.45898300		35.48735000		0		0		0		0
36.62584760		127.45899180		37.52290000		0		0		0		0
36.62585700		127.45900040		36.57835000		0		0		0		0
36.62586630		127.45900900		36.10355000		0		0		0		0
36.62587560		127.45901780		37.18046000		0		0		0		0
36.62588490		127.45902570		34.82254000		0		0		0		0
36.62589440		127.45903440		36.25576000		0		0		0		0
36.62590370		127.45904330		37.29087000		0		0		0		0
36.62591310		127.45905190		36.81018000		0		0		0		0
36.62592260		127.45906060		36.70181000		0		0		0		0
36.62593210		127.45906940		37.05386000		0		0		0		0
36.62594160		127.45907830		37.12805000		0		0		0		0
36.62595110		127.45908720		37.68191000		0		0		0		0
36.62596060		127.45909620		37.35133000		0		0		0		0
36.62597020		127.45910490		36.40105000		0		0		0		0
36.62597980		127.45911390		37.22780000		0		0		0		0
36.62598940		127.45912270		36.84711000		0		0		0		0
36.62599900		127.45913140		36.45091000		0		0		0		0
36.62600870		127.45913990		35.87244000		0		0		0		0
36.62601840		127.45914850		36.20880000		0		0		0		0
36.62602800		127.45915720		36.38610000		0		0		0		0
36.62603770		127.45916590		36.88005000		0		0		0		0
36.62604710		127.45917430		36.43231000		0		0		0		0
36.62605650		127.45918290		36.66062000		0		0		0		0
36.62607490		127.45920000		37.84699000		0		0		0		0
36.62608390		127.45920800		35.94309000		0		0		0		0
36.62609310		127.45921630		36.26793000		0		0		0		0
36.62610220		127.45922490		37.00517000		0		0		0		0
36.62611120		127.45923300		36.41284000		0		0		0		0
36.62611990		127.45924130		37.64852000		0		0		0		0
36.62612890		127.45924950		36.94270000		0		0		0		0
36.62613780		127.45925780		37.22107000		0		0		0		0
36.62614690		127.45926600		36.47663000		0		0		0		0
36.62615580		127.45927430		36.58786000		0		0		0		0
36.62616480		127.45928250		36.44969000		0		0		0		0
36.62617390		127.45929080		36.59684000		0		0		0		0
36.62618280		127.45929920		37.27484000		0		0		0		0
36.62619190		127.45930750		36.79216000		0		0		0		0
36.62620080		127.45931590		37.01415000		0		0		0		0
36.62620970		127.45932420		36.72624000		0		0		0		0
36.62621860		127.45933260		36.70789000		0		0		0		0
36.62622740		127.45934100		36.70911000		0		0		0		0
36.62623610		127.45934910		37.04963000		0		0		0		0
36.62624480		127.45935710		36.63130000		0		0		0		0
36.62625330		127.45936540		37.77255000		0		0		0		0
36.62626220		127.45937350		37.17742000		0		0		0		0
36.62627070		127.45938160		36.64515000		0		0		0		0
36.62627910		127.45938970		37.54150000		0		0		0		0
36.62628760		127.45939760		36.93889000		0		0		0		0
36.62629600		127.45940560		37.47565000		0		0		0		0
36.62630440		127.45941350		37.35980000		0		0		0		0
36.62631270		127.45942150		37.65935000		0		0		0		0
36.62632080		127.45942920		37.29853000		0		0		0		0
36.62632870		127.45943660		37.07584000		0		0		0		0
36.62633630		127.45944390		37.38849000		0		0		0		0
36.62634370		127.45945090		36.50671000		0		0		0		0
36.62635100		127.45945760		36.84094000		0		0		0		0
36.62635830		127.45946430		35.83210000		0		0		0		0
36.62636550		127.45947100		36.12563000		0		0		0		0
36.62637270		127.45947740		35.43817000		0		0		0		0
36.62637960		127.45948360		35.70850000		0		0		0		0
36.62638620		127.45948970		35.80437000		0		0		0		0
36.62639300		127.45949540		34.37767000		0		0		0		0
36.62640000		127.45950090		31.83954000		0		0		0		0
36.62640700		127.45950620		31.14723000		0		0		0		0
36.62641420		127.45951090		28.37519000		0		0		0		0
36.62642180		127.45951510		24.44471000		0		0		0		0
36.62642940		127.45951900		22.48616000		0		0		0		0
36.62643720		127.45952220		18.97526000		0		0		0		0
36.62644510		127.45952490		15.59073000		0		0		0		0
36.62645330		127.45952710		12.56251000		0		0		0		0
36.62646160		127.45952870		9.70088000		0		0		0		0
36.62646990		127.45952980		6.50588000		0		0		0		0
36.62647840		127.45953020		2.74231000		0		0		0		0
36.62648680		127.45953000		359.60761000		0		0		0		0
36.62650350		127.45952740		351.55634000		0		0		0		0
36.62651170		127.45952530		348.12734000		0		0		0		0
36.62651980		127.45952220		343.54171000		0		0		0		0
36.62652810		127.45951840		340.01630000		0		0		0		0
36.62653620		127.45951380		335.70115000		0		0		0		0
36.62654440		127.45950850		331.81441000		0		0		0		0
36.62655240		127.45950220		327.60740000		0		0		0		0
36.62656020		127.45949540		324.73391000		0		0		0		0
36.62656760		127.45948750		320.17788000		0		0		0		0
36.62657490		127.45947900		316.89488000		0		0		0		0
36.62658190		127.45946990		314.23138000		0		0		0		0
36.62658860		127.45946040		311.31043000		0		0		0		0
36.62659520		127.45945060		310.29683000		0		0		0		0
36.62660120		127.45944070		307.11935000		0		0		0		0
36.62660700		127.45943080		306.08198000		0		0		0		0
36.62661220		127.45942130		304.63931000		0		0		0		0
36.62661710		127.45941220		303.95096000		0		0		0		0
36.62662230		127.45940330		305.64424000		0		0		0		0
36.62662750		127.45939430		305.68085000		0		0		0		0
36.62663250		127.45938540		305.16681000		0		0		0		0
36.62663770		127.45937690		307.00665000		0		0		0		0
36.62664290		127.45936810		306.64101000		0		0		0		0
36.62664820		127.45935920		306.63692000		0		0		0		0
36.62665390		127.45935020		308.18964000		0		0		0		0
36.62665910		127.45934150		306.78013000		0		0		0		0
36.62666450		127.45933250		306.52878000		0		0		0		0
36.62667020		127.45932330		307.85561000		0		0		0		0
36.62667590		127.45931370		306.65760000		0		0		0		0
36.62668170		127.45930440		307.23243000		0		0		0		0
36.62668740		127.45929500		307.38887000		0		0		0		0
36.62669320		127.45928540		307.19374000		0		0		0		0
36.62669890		127.45927620		307.55615000		0		0		0		0
36.62670450		127.45926720		307.46165000		0		0		0		0
36.62670990		127.45925840		307.85660000		0		0		0		0
36.62671520		127.45924990		307.86458000		0		0		0		0
36.62672040		127.45924170		308.73116000		0		0		0		0
36.62672590		127.45923420		311.95840000		0		0		0		0
36.62673140		127.45922680		312.66852000		0		0		0		0
36.62673710		127.45921990		315.48980000		0		0		0		0
36.62674310		127.45921360		319.55048000		0		0		0		0
36.62674940		127.45920740		321.25784000		0		0		0		0
36.62675590		127.45920150		323.44596000		0		0		0		0
36.62676270		127.45919640		328.38571000		0		0		0		0
36.62676980		127.45919190		332.66936000		0		0		0		0
36.62677720		127.45918800		336.60281000		0		0		0		0
36.62678490		127.45918500		341.61126000		0		0		0		0
36.62679270		127.45918290		346.86214000		0		0		0		0
36.62680070		127.45918180		352.81935000		0		0		0		0
36.62680880		127.45918160		358.48141000		0		0		0		0
36.62681690		127.45918230		3.62695000		0		0		0		0
36.62682500		127.45918420		10.11900000		0		0		0		0
36.62683290		127.45918730		16.29243000		0		0		0		0
36.62684060		127.45919110		21.46979000		0		0		0		0
36.62684820		127.45919590		26.45210000		0		0		0		0
36.62685610		127.45920100		27.11485000		0		0		0		0
36.62686380		127.45920710		32.19112000		0		0		0		0
36.62687190		127.45921350		32.75331000		0		0		0		0
36.62688000		127.45922050		34.66886000		0		0		0		0
36.62688810		127.45922790		36.20703000		0		0		0		0
36.62689650		127.45923530		35.48313000		0		0		0		0
36.62690470		127.45924300		36.92101000		0		0		0		0
36.62691330		127.45925060		35.18680000		0		0		0		0
36.62692190		127.45925840		35.96776000		0		0		0		0
36.62693050		127.45926610		35.50401000		0		0		0		0
36.62693930		127.45927380		35.29704000		0		0		0		0
36.62694830		127.45928180		35.39801000		0		0		0		0
36.62695750		127.45928960		34.67624000		0		0		0		0
36.62696670		127.45929750		34.74433000		0		0		0		0
36.62697600		127.45930570		35.01991000		0		0		0		0
36.62699450		127.45932250		36.17168000		0		0		0		0
36.62700350		127.45933090		36.53801000		0		0		0		0
36.62701260		127.45933950		36.89380000		0		0		0		0
36.62702180		127.45934790		36.53804000		0		0		0		0
36.62703070		127.45935650		37.31749000		0		0		0		0
36.62703940		127.45936470		37.00020000		0		0		0		0
36.62704840		127.45937300		36.57168000		0		0		0		0
36.62705740		127.45938150		36.92759000		0		0		0		0
36.62706670		127.45939010		36.17491000		0		0		0		0
36.62707570		127.45939810		35.89212000		0		0		0		0
36.62708480		127.45940630		36.53498000		0		0		0		0
36.62709420		127.45941490		36.40640000		0		0		0		0
36.62710410		127.45942350		35.54011000		0		0		0		0
36.62711360		127.45943220		36.41341000		0		0		0		0
36.62712330		127.45944120		36.70959000		0		0		0		0
36.62713290		127.45945010		36.85315000		0		0		0		0
36.62714250		127.45945940		37.69810000		0		0		0		0
36.62715250		127.45946850		36.56226000		0		0		0		0
36.62716240		127.45947750		35.77149000		0		0		0		0
36.62717220		127.45948680		37.49120000		0		0		0		0
36.62718200		127.45949610		37.49667000		0		0		0		0
36.62719200		127.45950550		37.28506000		0		0		0		0
36.62720240		127.45951460		35.33430000		0		0		0		0
36.62721290		127.45952390		35.63713000		0		0		0		0
36.62722320		127.45953340		36.45246000		0		0		0		0
36.62723370		127.45954280		36.27933000		0		0		0		0
36.62724460		127.45955210		34.65777000		0		0		0		0
36.62725490		127.45956180		36.79507000		0		0		0		0
36.62726550		127.45957150		36.67055000		0		0		0		0
36.62727660		127.45958060		33.45327000		0		0		0		0
36.62728720		127.45959020		35.68366000		0		0		0		0
36.62729780		127.45959970		35.85825000		0		0		0		0
36.62730840		127.45960940		36.43129000		0		0		0		0
36.62731890		127.45961900		36.72670000		0		0		0		0
36.62732920		127.45962860		37.10371000		0		0		0		0
36.62733980		127.45963830		36.23884000		0		0		0		0
36.62735030		127.45964790		36.51500000		0		0		0		0
36.62736080		127.45965740		36.20910000		0		0		0		0
36.62737130		127.45966700		36.37243000		0		0		0		0
36.62738200		127.45967650		35.94037000		0		0		0		0
36.62739230		127.45968620		37.02583000		0		0		0		0
36.62740280		127.45969580		36.56292000		0		0		0		0
36.62741350		127.45970530		35.74525000		0		0		0		0
36.62742410		127.45971500		36.69837000		0		0		0		0
36.62743460		127.45972440		35.92921000		0		0		0		0
36.62744520		127.45973400		36.33275000		0		0		0		0
36.62745590		127.45974350		35.82175000		0		0		0		0
36.62746650		127.45975300		35.91568000		0		0		0		0
36.62747700		127.45976260		36.05758000		0		0		0		0
36.62748770		127.45977230		35.95464000		0		0		0		0
36.62749840		127.45978170		35.25809000		0		0		0		0
36.62750900		127.45979110		35.41147000		0		0		0		0
36.62751970		127.45980030		34.88010000		0		0		0		0
36.62753040		127.45980970		35.33989000		0		0		0		0
36.62754090		127.45981880		34.78035000		0		0		0		0
36.62755140		127.45982810		35.23625000		0		0		0		0
36.62756200		127.45983730		34.87561000		0		0		0		0
36.62757240		127.45984660		35.47765000		0		0		0		0
36.62758270		127.45985600		35.76191000		0		0		0		0
36.62759290		127.45986520		35.88584000		0		0		0		0
36.62760320		127.45987470		36.24863000		0		0		0		0
36.62761350		127.45988400		35.98125000		0		0		0		0
36.62762360		127.45989310		35.49939000		0		0		0		0
36.62763350		127.45990180		35.13277000		0		0		0		0
36.62764380		127.45991080		35.13989000		0		0		0		0
36.62765370		127.45991980		35.96507000		0		0		0		0
36.62766360		127.45992870		35.98486000		0		0		0		0
36.62767360		127.45993770		35.47674000		0		0		0		0
36.62768340		127.45994650		35.95180000		0		0		0		0
36.62769330		127.45995510		35.21747000		0		0		0		0
36.62770300		127.45996370		35.23847000		0		0		0		0
36.62771270		127.45997200		34.52915000		0		0		0		0
36.62772240		127.45998010		33.90096000		0		0		0		0
36.62773190		127.45998790		33.66143000		0		0		0		0
36.62774150		127.45999580		33.42556000		0		0		0		0
36.62775110		127.46000340		32.67660000		0		0		0		0
36.62776050		127.46001110		33.23963000		0		0		0		0
36.62776960		127.46001830		32.43979000		0		0		0		0
36.62777870		127.46002550		32.25597000		0		0		0		0
36.62778790		127.46003270		32.65753000		0		0		0		0
36.62779660		127.46003970		32.99943000		0		0		0		0
36.62780530		127.46004680		32.75638000		0		0		0		0
36.62781380		127.46005360		33.03053000		0		0		0		0
36.62782220		127.46006030		32.69360000		0		0		0		0
36.62783040		127.46006660		31.59611000		0		0		0		0
36.62783800		127.46007290		33.35672000		0		0		0		0
36.62784580		127.46007880		31.37706000		0		0		0		0
36.62785400		127.46008470		30.74421000		0		0		0		0
36.62786140		127.46009010		30.26695000		0		0		0		0
36.62786870		127.46009510		28.78008000		0		0		0		0
36.62787580		127.46009990		27.91120000		0		0		0		0
36.62788300		127.46010460		27.68604000		0		0		0		0
36.62789030		127.46010880		24.82151000		0		0		0		0
36.62789740		127.46011270		24.44941000		0		0		0		0
36.62790440		127.46011630		22.09985000		0		0		0		0
36.62791130		127.46011940		20.08749000		0		0		0		0
36.62791830		127.46012210		17.02273000		0		0		0		0
36.62792550		127.46012440		14.50790000		0		0		0		0
36.62793270		127.46012650		12.80776000		0		0		0		0
36.62793980		127.46012790		9.10984000		0		0		0		0
36.62794690		127.46012890		6.53322000		0		0		0		0
36.62795430		127.46012940		3.04315000		0		0		0		0
36.62796160		127.46012920		358.96219000		0		0		0		0
36.62796910		127.46012860		356.47582000		0		0		0		0
36.62797670		127.46012790		354.90357000		0		0		0		0
36.62798420		127.46012580		348.42005000		0		0		0		0
36.62799180		127.46012370		346.90020000		0		0		0		0
36.62799940		127.46012070		342.31102000		0		0		0		0
36.62800670		127.46011710		338.16799000		0		0		0		0
36.62801390		127.46011280		334.47873000		0		0		0		0
36.62802100		127.46010790		330.43685000		0		0		0		0
36.62802790		127.46010250		328.51022000		0		0		0		0
36.62803490		127.46009670		326.02687000		0		0		0		0
36.62804130		127.46009060		322.67893000		0		0		0		0
36.62804800		127.46008420		322.23248000		0		0		0		0
36.62805430		127.46007760		319.84120000		0		0		0		0
36.62806060		127.46007070		318.67299000		0		0		0		0
36.62806720		127.46006380		319.51510000		0		0		0		0
36.62807370		127.46005700		319.13037000		0		0		0		0
36.62808040		127.46005010		320.28230000		0		0		0		0
36.62808730		127.46004330		321.51919000		0		0		0		0
36.62809460		127.46003690		323.96169000		0		0		0		0
36.62810190		127.46003080		325.34808000		0		0		0		0
36.62810960		127.46002530		329.67433000		0		0		0		0
36.62811750		127.46002030		332.22778000		0		0		0		0
36.62812560		127.46001590		335.82300000		0		0		0		0
36.62813390		127.46001180		338.42268000		0		0		0		0
36.62814260		127.46000840		341.56935000		0		0		0		0
36.62815160		127.46000540		345.28871000		0		0		0		0
36.62816070		127.46000280		346.66827000		0		0		0		0
36.62817020		127.46000060		349.08411000		0		0		0		0
36.62817980		127.45999870		351.38020000		0		0		0		0
36.62818920		127.45999720		352.78607000		0		0		0		0
36.62819860		127.45999580		352.67037000		0		0		0		0
36.62820800		127.45999460		354.24664000		0		0		0		0
36.62821760		127.45999350		354.72142000		0		0		0		0
36.62822700		127.45999220		353.49303000		0		0		0		0
36.62823660		127.45999100		354.32311000		0		0		0		0
36.62824670		127.45998980		354.60075000		0		0		0		0
36.62825690		127.45998800		352.93882000		0		0		0		0
36.62826740		127.45998670		353.59056000		0		0		0		0
36.62827750		127.45998530		353.58499000		0		0		0		0
36.62828770		127.45998380		353.05048000		0		0		0		0
36.62829850		127.45998230		353.78560000		0		0		0		0
36.62830890		127.45998100		354.21500000		0		0		0		0
36.62831910		127.45997950		353.30020000		0		0		0		0
36.62832930		127.45997810		353.40579000		0		0		0		0
36.62833970		127.45997640		352.52382000		0		0		0		0
36.62835010		127.45997480		352.97095000		0		0		0		0
36.62836040		127.45997310		352.71728000		0		0		0		0
36.62837090		127.45997130		352.53035000		0		0		0		0
36.62838100		127.45996960		352.17682000		0		0		0		0
36.62839100		127.45996780		351.60748000		0		0		0		0
36.62840120		127.45996630		353.33399000		0		0		0		0
36.62841110		127.45996440		352.18231000		0		0		0		0
36.62842090		127.45996240		352.66534000		0		0		0		0
36.62843030		127.45996030		349.98930000		0		0		0		0
36.62843940		127.45995780		347.38181000		0		0		0		0
36.62844820		127.45995520		346.70693000		0		0		0		0
36.62845690		127.45995200		343.96360000		0		0		0		0
36.62846540		127.45994830		340.18498000		0		0		0		0
36.62847340		127.45994390		337.00733000		0		0		0		0
36.62848120		127.45993900		333.71949000		0		0		0		0
36.62848890		127.45993340		329.71342000		0		0		0		0
36.62849660		127.45992710		326.86236000		0		0		0		0
36.62850390		127.45992010		323.33184000		0		0		0		0
36.62851100		127.45991310		321.39706000		0		0		0		0
36.62851770		127.45990550		318.33594000		0		0		0		0
36.62852430		127.45989700		314.94418000		0		0		0		0
36.62853070		127.45988830		312.61473000		0		0		0		0
36.62853680		127.45987910		309.69993000		0		0		0		0
36.62854280		127.45986980		308.75873000		0		0		0		0
36.62854850		127.45986050		307.35261000		0		0		0		0
36.62855410		127.45985090		306.15656000		0		0		0		0
36.62855960		127.45984120		305.35956000		0		0		0		0
36.62856510		127.45983160		305.49439000		0		0		0		0
36.62857030		127.45982210		304.18335000		0		0		0		0
36.62857560		127.45981260		304.67269000		0		0		0		0
36.62858100		127.45980310		304.90967000		0		0		0		0
36.62858630		127.45979340		304.55742000		0		0		0		0
36.62859170		127.45978390		304.85025000		0		0		0		0
36.62859700		127.45977430		304.76206000		0		0		0		0
36.62860220		127.45976450		303.67130000		0		0		0		0
36.62860770		127.45975490		305.61438000		0		0		0		0
36.62861260		127.45974520		302.76103000		0		0		0		0
36.62861810		127.45973570		305.35740000		0		0		0		0
36.62862360		127.45972570		305.23643000		0		0		0		0
36.62862900		127.45971580		304.34490000		0		0		0		0
36.62863450		127.45970630		305.90281000		0		0		0		0
36.62863980		127.45969660		304.16791000		0		0		0		0
36.62864540		127.45968640		304.75271000		0		0		0		0
36.62865120		127.45967650		306.11198000		0		0		0		0
36.62865650		127.45966650		303.49987000		0		0		0		0
36.62866210		127.45965660		305.01885000		0		0		0		0
36.62866800		127.45964610		305.07272000		0		0		0		0
36.62867960		127.45962530		305.27263000		0		0		0		0
36.62868520		127.45961490		303.86968000		0		0		0		0
36.62869120		127.45960430		305.13968000		0		0		0		0
36.62869730		127.45959390		305.64558000		0		0		0		0
36.62870330		127.45958330		305.00729000		0		0		0		0
36.62870930		127.45957280		305.19132000		0		0		0		0
36.62871550		127.45956210		305.70364000		0		0		0		0
36.62872160		127.45955140		305.03434000		0		0		0		0
36.62872760		127.45954060		304.78301000		0		0		0		0
36.62873360		127.45952990		304.97226000		0		0		0		0
36.62873990		127.45951910		305.66651000		0		0		0		0
36.62874600		127.45950820		304.62895000		0		0		0		0
36.62875210		127.45949760		305.53463000		0		0		0		0
36.62875820		127.45948690		305.16135000		0		0		0		0
36.62876410		127.45947590		303.46847000		0		0		0		0
36.62877010		127.45946520		304.95374000		0		0		0		0
36.62877620		127.45945440		304.78342000		0		0		0		0
36.62878230		127.45944370		304.90484000		0		0		0		0
36.62878830		127.45943290		304.29823000		0		0		0		0
36.62879430		127.45942200		303.97683000		0		0		0		0
36.62880050		127.45941110		304.60879000		0		0		0		0
36.62880660		127.45940030		305.09668000		0		0		0		0
36.62881250		127.45938910		303.52828000		0		0		0		0
36.62881880		127.45937850		306.15328000		0		0		0		0
36.62882480		127.45936770		304.90620000		0		0		0		0
36.62883100		127.45935660		304.36184000		0		0		0		0
36.62883700		127.45934550		304.04002000		0		0		0		0
36.62884290		127.45933410		302.65757000		0		0		0		0
36.62884870		127.45932300		303.17871000		0		0		0		0
36.62885450		127.45931200		303.24144000		0		0		0		0
36.62886010		127.45930070		301.92288000		0		0		0		0
36.62886550		127.45928870		299.84123000		0		0		0		0
36.62887080		127.45927680		298.83665000		0		0		0		0
36.62887590		127.45926480		298.38119000		0		0		0		0
36.62888100		127.45925280		297.87720000		0		0		0		0
36.62888600		127.45924070		297.36756000		0		0		0		0
36.62889080		127.45922850		296.52867000		0		0		0		0
36.62889590		127.45921690		298.49951000		0		0		0		0
36.62890070		127.45920500		296.95567000		0		0		0		0
36.62890560		127.45919320		297.06566000		0		0		0		0
36.62891030		127.45918160		297.15071000		0		0		0		0
36.62891510		127.45917060		298.11718000		0		0		0		0
36.62891960		127.45915990		297.87753000		0		0		0		0
36.62892390		127.45914960		297.32141000		0		0		0		0
36.62892820		127.45913930		297.19134000		0		0		0		0
36.62893260		127.45912950		298.34583000		0		0		0		0
36.62893670		127.45911910		296.15263000		0		0		0		0
36.62894100		127.45910900		297.73494000		0		0		0		0
36.62894520		127.45909890		297.43168000		0		0		0		0
36.62894930		127.45908860		296.76675000		0		0		0		0
36.62895350		127.45907840		296.88513000		0		0		0		0
36.62895750		127.45906830		296.74273000		0		0		0		0
36.62896150		127.45905830		296.49895000		0		0		0		0
36.62896530		127.45904860		295.96540000		0		0		0		0
36.62896900		127.45903920		296.10261000		0		0		0		0
36.62897260		127.45903040		296.65506000		0		0		0		0
36.62897580		127.45902210		295.85620000		0		0		0		0
36.62897870		127.45901400		294.30747000		0		0		0		0
36.62898140		127.45900640		293.40351000		0		0		0		0
36.62898360		127.45899900		291.17588000		0		0		0		0
36.62898560		127.45899190		289.62677000		0		0		0		0
36.62898720		127.45898470		286.05144000		0		0		0		0
36.62898830		127.45897760		281.76738000		0		0		0		0
36.62898910		127.45897020		278.43042000		0		0		0		0
36.62898950		127.45896270		273.94730000		0		0		0		0
36.62898910		127.45895490		267.81278000		0		0		0		0
36.62898850		127.45894680		264.74499000		0		0		0		0
36.62898720		127.45893880		259.69527000		0		0		0		0
36.62898550		127.45893070		255.14652000		0		0		0		0
36.62898300		127.45892280		249.12099000		0		0		0		0
36.62898000		127.45891500		244.52009000		0		0		0		0
36.62897670		127.45890710		243.17645000		0		0		0		0
36.62897280		127.45889960		237.14073000		0		0		0		0
36.62896830		127.45889250		232.21113000		0		0		0		0
36.62896360		127.45888550		230.75895000		0		0		0		0
36.62895830		127.45887850		226.83575000		0		0		0		0
36.62895250		127.45887180		223.27888000		0		0		0		0
36.62894650		127.45886510		221.52235000		0		0		0		0
36.62894000		127.45885870		218.69617000		0		0		0		0
36.62893320		127.45885250		216.71849000		0		0		0		0
36.62892600		127.45884650		214.30295000		0		0		0		0
36.62891860		127.45884060		212.78176000		0		0		0		0
36.62891080		127.45883490		210.78488000		0		0		0		0
36.62890290		127.45882930		209.44024000		0		0		0		0
36.62889450		127.45882400		207.60568000		0		0		0		0
36.62888610		127.45881850		207.98563000		0		0		0		0
36.62887750		127.45881310		207.00588000		0		0		0		0
36.62886870		127.45880780		205.96990000		0		0		0		0
36.62885980		127.45880240		206.14653000		0		0		0		0
36.62885080		127.45879740		204.25317000		0		0		0		0
36.62884180		127.45879240		203.86817000		0		0		0		0
36.62883250		127.45878740		204.02831000		0		0		0		0
36.62882330		127.45878240		203.29960000		0		0		0		0
36.62881390		127.45877750		203.25435000		0		0		0		0
36.62879500		127.45876720		203.46246000		0		0		0		0
36.62878560		127.45876200		203.74281000		0		0		0		0
36.62877640		127.45875700		203.77980000		0		0		0		0
36.62876730		127.45875200		203.66389000		0		0		0		0
36.62875860		127.45874710		204.31925000		0		0		0		0
36.62874990		127.45874230		204.25709000		0		0		0		0
36.62874140		127.45873770		203.46688000		0		0		0		0
36.62873290		127.45873280		204.68663000		0		0		0		0
36.62872470		127.45872830		203.50352000		0		0		0		0
36.62871660		127.45872390		203.93005000		0		0		0		0
36.62870880		127.45871950		204.53765000		0		0		0		0
36.62870120		127.45871530		204.17065000		0		0		0		0
36.62869380		127.45871100		204.74269000		0		0		0		0
36.62868670		127.45870640		207.37484000		0		0		0		0
36.62868000		127.45870150		209.84743000		0		0		0		0
36.62867350		127.45869630		212.13005000		0		0		0		0
36.62866720		127.45869060		215.74334000		0		0		0		0
36.62866120		127.45868430		219.25290000		0		0		0		0
36.62865530		127.45867780		221.64747000		0		0		0		0
36.62864990		127.45867070		226.27736000		0		0		0		0
36.62864520		127.45866310		231.89006000		0		0		0		0
36.62864090		127.45865490		236.25501000		0		0		0		0
36.62863720		127.45864630		241.38484000		0		0		0		0
36.62863440		127.45863730		247.70689000		0		0		0		0
36.62863220		127.45862790		253.28849000		0		0		0		0
36.62863110		127.45861830		259.83971000		0		0		0		0
36.62863070		127.45860860		265.83307000		0		0		0		0
36.62863130		127.45859870		272.53304000		0		0		0		0
36.62863260		127.45858860		278.46072000		0		0		0		0
36.62863710		127.45856850		287.36535000		0		0		0		0
36.62864040		127.45855850		291.76429000		0		0		0		0
36.62864400		127.45854870		294.33823000		0		0		0		0
36.62864830		127.45853890		298.20325000		0		0		0		0
36.62865820		127.45851970		304.05565000		0		0		0		0
36.62866360		127.45851020		305.51125000		0		0		0		0
36.62866930		127.45850060		306.32021000		0		0		0		0
36.62867520		127.45849090		307.08894000		0		0		0		0
36.62868120		127.45848110		307.14615000		0		0		0		0
36.62868730		127.45847100		306.98176000		0		0		0		0
36.62869340		127.45846080		306.76161000		0		0		0		0
36.62869960		127.45845060		307.21571000		0		0		0		0
36.62870590		127.45844010		306.63500000		0		0		0		0
36.62871250		127.45842930		307.13323000		0		0		0		0
36.62871900		127.45841840		306.75587000		0		0		0		0
36.62872540		127.45840760		306.67653000		0		0		0		0
36.62873200		127.45839640		306.51048000		0		0		0		0
36.62873880		127.45838500		306.68109000		0		0		0		0
36.62874570		127.45837380		307.49960000		0		0		0		0
36.62875250		127.45836230		306.24459000		0		0		0		0
36.62875940		127.45835060		306.34540000		0		0		0		0
36.62876640		127.45833890		306.61577000		0		0		0		0
36.62877340		127.45832700		306.26063000		0		0		0		0
36.62878060		127.45831500		306.52031000		0		0		0		0
36.62878770		127.45830280		306.10151000		0		0		0		0
36.62879510		127.45829060		306.10695000		0		0		0		0
36.62880240		127.45827810		305.84680000		0		0		0		0
36.62880980		127.45826550		305.85552000		0		0		0		0
36.62881730		127.45825270		305.92270000		0		0		0		0
36.62882500		127.45823990		305.95587000		0		0		0		0
36.62883260		127.45822680		305.99515000		0		0		0		0
36.62884040		127.45821380		306.26415000		0		0		0		0
36.62884810		127.45820050		305.95909000		0		0		0		0
36.62885590		127.45818730		306.20090000		0		0		0		0
36.62886350		127.45817410		305.92647000		0		0		0		0
36.62887120		127.45816090		305.87707000		0		0		0		0
36.62887880		127.45814770		305.62430000		0		0		0		0
36.62888640		127.45813460		305.46341000		0		0		0		0
36.62889390		127.45812140		305.50384000		0		0		0		0
36.62890140		127.45810830		305.07392000		0		0		0		0
36.62890890		127.45809530		305.58761000		0		0		0		0
36.62891640		127.45808200		305.03218000		0		0		0		0
36.62892390		127.45806880		305.18804000		0		0		0		0
36.62893140		127.45805560		305.62728000		0		0		0		0
36.62893890		127.45804250		305.22367000		0		0		0		0
36.62894650		127.45802930		305.45202000		0		0		0		0
36.62895410		127.45801600		305.68017000		0		0		0		0
36.62896170		127.45800280		305.45040000		0		0		0		0
36.62896930		127.45798950		305.62613000		0		0		0		0
36.62897700		127.45797630		305.82003000		0		0		0		0
36.62898460		127.45796290		305.50286000		0		0		0		0
36.62899240		127.45794960		305.77806000		0		0		0		0
36.62900010		127.45793620		305.64873000		0		0		0		0
36.62900790		127.45792280		305.72582000		0		0		0		0
36.62901570		127.45790930		305.80929000		0		0		0		0
36.62902350		127.45789570		305.70905000		0		0		0		0
36.62903140		127.45788220		305.76238000		0		0		0		0
36.62903920		127.45786850		305.60190000		0		0		0		0
36.62904710		127.45785500		306.03824000		0		0		0		0
36.62905510		127.45784150		306.03100000		0		0		0		0
36.62906300		127.45782800		305.92633000		0		0		0		0
36.62907100		127.45781450		306.21926000		0		0		0		0
36.62907890		127.45780090		306.11135000		0		0		0		0
36.62908690		127.45778740		306.50018000		0		0		0		0
36.62909500		127.45777400		306.44163000		0		0		0		0
36.62910290		127.45776030		305.98493000		0		0		0		0
36.62911090		127.45774680		306.23241000		0		0		0		0
36.62911890		127.45773330		306.36609000		0		0		0		0
36.62912690		127.45771970		306.01892000		0		0		0		0
36.62913480		127.45770600		305.95835000		0		0		0		0
36.62914280		127.45769240		305.92423000		0		0		0		0
36.62915070		127.45767880		305.96696000		0		0		0		0
36.62915860		127.45766500		305.56723000		0		0		0		0
36.62916650		127.45765130		305.59102000		0		0		0		0
36.62917440		127.45763750		305.53802000		0		0		0		0
36.62918240		127.45762380		305.56586000		0		0		0		0
36.62919030		127.45761000		305.43661000		0		0		0		0
36.62919820		127.45759620		305.49018000		0		0		0		0
36.62920610		127.45758240		305.45956000		0		0		0		0
36.62921400		127.45756860		305.32645000		0		0		0		0
36.62922190		127.45755480		305.40027000		0		0		0		0
36.62922970		127.45754110		305.27342000		0		0		0		0
36.62923750		127.45752740		305.49240000		0		0		0		0
36.62924500		127.45751420		305.43568000		0		0		0		0
36.62925240		127.45750150		305.65441000		0		0		0		0
36.62925950		127.45748900		305.33896000		0		0		0		0
36.62926650		127.45747670		305.49349000		0		0		0		0
36.62927340		127.45746440		305.27612000		0		0		0		0
36.62928040		127.45745200		305.28074000		0		0		0		0
36.62928750		127.45743960		305.68113000		0		0		0		0
36.62929450		127.45742740		305.18271000		0		0		0		0
36.62930130		127.45741510		304.10726000		0		0		0		0
36.62930830		127.45740280		305.16468000		0		0		0		0
36.62931530		127.45738980		304.51857000		0		0		0		0
36.62932260		127.45737710		305.69457000		0		0		0		0
36.62932980		127.45736420		304.70714000		0		0		0		0
36.62933720		127.45735130		305.23599000		0		0		0		0
36.62934460		127.45733820		305.14029000		0		0		0		0
36.62935200		127.45732500		305.21198000		0		0		0		0
36.62935950		127.45731180		305.08993000		0		0		0		0
36.62936710		127.45729840		305.07136000		0		0		0		0
36.62937470		127.45728490		305.23318000		0		0		0		0
36.62938240		127.45727140		305.10898000		0		0		0		0
36.62939000		127.45725780		305.21151000		0		0		0		0
36.62939780		127.45724420		305.38809000		0		0		0		0
36.62940560		127.45723060		305.54687000		0		0		0		0
36.62941340		127.45721700		305.33858000		0		0		0		0
36.62942110		127.45720340		305.34454000		0		0		0		0
36.62942890		127.45718990		305.30470000		0		0		0		0
36.62943660		127.45717640		305.05761000		0		0		0		0
36.62944430		127.45716290		305.08463000		0		0		0		0
36.62945180		127.45714940		304.58475000		0		0		0		0
36.62945960		127.45713600		305.17334000		0		0		0		0
36.62946720		127.45712260		304.99401000		0		0		0		0
36.62947490		127.45710910		305.36904000		0		0		0		0
36.62948240		127.45709570		304.65409000		0		0		0		0
36.62949000		127.45708230		304.82599000		0		0		0		0
36.62949760		127.45706870		304.72993000		0		0		0		0
36.62950530		127.45705520		305.19889000		0		0		0		0
36.62951290		127.45704170		305.12411000		0		0		0		0
36.62952070		127.45702830		305.52608000		0		0		0		0
36.62952850		127.45701490		305.70003000		0		0		0		0
36.62953640		127.45700170		306.16908000		0		0		0		0
36.62954430		127.45698850		306.33581000		0		0		0		0
36.62955220		127.45697530		306.41461000		0		0		0		0
36.62956000		127.45696230		306.44786000		0		0		0		0
36.62956770		127.45694930		306.32923000		0		0		0		0
36.62957520		127.45693650		305.93384000		0		0		0		0
36.62958250		127.45692390		305.87866000		0		0		0		0
36.62958960		127.45691170		305.96067000		0		0		0		0
36.62959650		127.45689990		305.88928000		0		0		0		0
36.62960350		127.45688830		306.54769000		0		0		0		0
36.62961040		127.45687670		306.46567000		0		0		0		0
36.62961710		127.45686530		305.90666000		0		0		0		0
36.62962390		127.45685370		306.16681000		0		0		0		0
36.62963110		127.45684150		306.25984000		0		0		0		0
36.62963760		127.45683010		305.05474000		0		0		0		0
36.62964450		127.45681870		306.23273000		0		0		0		0
36.62965150		127.45680660		305.90486000		0		0		0		0
36.62965880		127.45679420		306.06968000		0		0		0		0
36.62966600		127.45678190		306.01660000		0		0		0		0
36.62967320		127.45676920		305.12242000		0		0		0		0
36.62968070		127.45675660		306.30691000		0		0		0		0
36.62968840		127.45674390		306.73145000		0		0		0		0
36.62969590		127.45673080		305.19170000		0		0		0		0
36.62970360		127.45671780		306.48597000		0		0		0		0
36.62971160		127.45670460		307.00990000		0		0		0		0
36.62971950		127.45669120		306.18604000		0		0		0		0
36.62972760		127.45667780		306.65719000		0		0		0		0
36.62973580		127.45666420		306.51266000		0		0		0		0
36.62974400		127.45665050		306.58296000		0		0		0		0
36.62975230		127.45663670		306.67123000		0		0		0		0
36.62976070		127.45662270		306.85682000		0		0		0		0
36.62976920		127.45660870		306.76519000		0		0		0		0
36.62977770		127.45659470		306.75961000		0		0		0		0
36.62978630		127.45658060		307.04441000		0		0		0		0
36.62979480		127.45656630		306.45958000		0		0		0		0
36.62980340		127.45655200		306.94061000		0		0		0		0
36.62981190		127.45653780		306.50815000		0		0		0		0
36.62982040		127.45652340		306.12353000		0		0		0		0
36.62982880		127.45650890		305.84890000		0		0		0		0
36.62983710		127.45649440		305.62386000		0		0		0		0
36.62984550		127.45648000		305.76850000		0		0		0		0
36.62985380		127.45646550		305.40945000		0		0		0		0
36.62986210		127.45645110		305.52641000		0		0		0		0
36.62987030		127.45643660		305.08267000		0		0		0		0
36.62987870		127.45642220		305.63862000		0		0		0		0
36.62988690		127.45640770		304.99294000		0		0		0		0
36.62989510		127.45639330		304.94879000		0		0		0		0
36.62990330		127.45637870		304.95541000		0		0		0		0
36.62991150		127.45636430		304.92470000		0		0		0		0
36.62991970		127.45634960		304.82834000		0		0		0		0
36.62992790		127.45633510		305.00614000		0		0		0		0
36.62993610		127.45632070		305.07343000		0		0		0		0
36.62994430		127.45630610		304.68411000		0		0		0		0
36.62995240		127.45629160		304.95360000		0		0		0		0
36.62996070		127.45627710		305.01469000		0		0		0		0
36.62996860		127.45626250		303.96011000		0		0		0		0
36.62997680		127.45624810		305.37866000		0		0		0		0
36.62998490		127.45623360		304.58005000		0		0		0		0
36.62999300		127.45621930		305.06275000		0		0		0		0
36.63000120		127.45620490		305.30541000		0		0		0		0
36.63000930		127.45619070		305.26580000		0		0		0		0
36.63001770		127.45617660		306.18566000		0		0		0		0
36.63002580		127.45616250		305.38101000		0		0		0		0
36.63003370		127.45614890		306.02370000		0		0		0		0
36.63004140		127.45613570		305.61220000		0		0		0		0
36.63004880		127.45612270		305.23976000		0		0		0		0
36.63005590		127.45611020		305.23348000		0		0		0		0
36.63006270		127.45609820		305.09108000		0		0		0		0
36.63006920		127.45608660		304.93937000		0		0		0		0
36.63007540		127.45607560		304.78610000		0		0		0		0
36.63008130		127.45606500		304.97781000		0		0		0		0
36.63008740		127.45605470		306.02051000		0		0		0		0
36.63009320		127.45604450		305.48988000		0		0		0		0
36.63009900		127.45603440		305.34814000		0		0		0		0
36.63010490		127.45602410		305.44557000		0		0		0		0
36.63011110		127.45601310		305.23640000		0		0		0		0
36.63012340		127.45599170		304.77941000		0		0		0		0
36.63012980		127.45598060		305.29432000		0		0		0		0
36.63013660		127.45596890		305.74631000		0		0		0		0
36.63014330		127.45595700		305.20356000		0		0		0		0
36.63015020		127.45594500		305.49289000		0		0		0		0
36.63016390		127.45592120		305.57458000		0		0		0		0
36.63017070		127.45590940		305.86852000		0		0		0		0
36.63017760		127.45589770		305.88704000		0		0		0		0
36.63018430		127.45588600		305.44325000		0		0		0		0
36.63019100		127.45587440		305.71386000		0		0		0		0
36.63019780		127.45586280		305.66875000		0		0		0		0
36.63020450		127.45585110		305.38792000		0		0		0		0
36.63021130		127.45583920		305.65725000		0		0		0		0
36.63021830		127.45582740		305.79410000		0		0		0		0
36.63022510		127.45581540		305.53329000		0		0		0		0
36.63023210		127.45580350		305.90182000		0		0		0		0
36.63023900		127.45579140		305.53056000		0		0		0		0
36.63024600		127.45577930		305.40448000		0		0		0		0
36.63025300		127.45576720		305.65709000		0		0		0		0
36.63026000		127.45575510		305.63302000		0		0		0		0
36.63026700		127.45574290		305.53267000		0		0		0		0
36.63027410		127.45573070		305.48087000		0		0		0		0
36.63028110		127.45571850		305.35399000		0		0		0		0
36.63028820		127.45570630		305.78462000		0		0		0		0
36.63029530		127.45569400		305.69845000		0		0		0		0
36.63030240		127.45568180		306.02335000		0		0		0		0
36.63030960		127.45566950		305.72140000		0		0		0		0
36.63031680		127.45565720		305.90141000		0		0		0		0
36.63032400		127.45564490		306.09954000		0		0		0		0
36.63033130		127.45563250		305.99362000		0		0		0		0
36.63033850		127.45562010		305.91242000		0		0		0		0
36.63034580		127.45560770		306.16110000		0		0		0		0
36.63035300		127.45559530		305.86705000		0		0		0		0
36.63036030		127.45558280		305.91079000		0		0		0		0
36.63036760		127.45557040		306.08291000		0		0		0		0
36.63037490		127.45555800		306.11110000		0		0		0		0
36.63038220		127.45554550		306.08662000		0		0		0		0
36.63038950		127.45553310		306.17503000		0		0		0		0
36.63039680		127.45552060		305.85399000		0		0		0		0
36.63040410		127.45550820		306.14383000		0		0		0		0
36.63041150		127.45549600		306.73208000		0		0		0		0
36.63042590		127.45547140		306.32562000		0		0		0		0
36.63043310		127.45545920		306.31546000		0		0		0		0
36.63044030		127.45544720		306.55332000		0		0		0		0
36.63044750		127.45543510		306.67987000		0		0		0		0
36.63045470		127.45542330		307.12844000		0		0		0		0
36.63046190		127.45541150		307.01640000		0		0		0		0
36.63046910		127.45539970		307.36119000		0		0		0		0
36.63047630		127.45538810		307.67049000		0		0		0		0
36.63048360		127.45537660		308.11634000		0		0		0		0
36.63049090		127.45536510		308.16625000		0		0		0		0
36.63049820		127.45535380		308.53322000		0		0		0		0
36.63050560		127.45534240		308.76774000		0		0		0		0
36.63051270		127.45533110		307.96091000		0		0		0		0
36.63052010		127.45531990		309.39686000		0		0		0		0
36.63052740		127.45530850		308.52202000		0		0		0		0
36.63053480		127.45529730		309.26995000		0		0		0		0
36.63054190		127.45528600		308.16923000		0		0		0		0
36.63054910		127.45527470		308.29714000		0		0		0		0
36.63055630		127.45526350		308.35364000		0		0		0		0
36.63056340		127.45525220		308.01913000		0		0		0		0
36.63057030		127.45524090		307.35351000		0		0		0		0
36.63057730		127.45522970		307.69554000		0		0		0		0
36.63058420		127.45521840		307.23087000		0		0		0		0
36.63059110		127.45520720		307.56918000		0		0		0		0
36.63059800		127.45519600		307.35777000		0		0		0		0
36.63060480		127.45518490		307.44020000		0		0		0		0
36.63061160		127.45517370		306.99878000		0		0		0		0
36.63061840		127.45516260		307.15929000		0		0		0		0
36.63062510		127.45515150		306.99681000		0		0		0		0
36.63063180		127.45514050		307.10279000		0		0		0		0
36.63063840		127.45512950		306.55274000		0		0		0		0
36.63064510		127.45511860		307.06695000		0		0		0		0
36.63065160		127.45510770		306.60812000		0		0		0		0
36.63065810		127.45509670		306.51233000		0		0		0		0
36.63066450		127.45508580		306.02690000		0		0		0		0
36.63067090		127.45507510		306.90510000		0		0		0		0
36.63067740		127.45506450		307.03167000		0		0		0		0
36.63068380		127.45505370		306.57610000		0		0		0		0
36.63069020		127.45504320		307.13459000		0		0		0		0
36.63069660		127.45503260		306.75240000		0		0		0		0
36.63070280		127.45502210		306.09851000		0		0		0		0
36.63070900		127.45501160		306.23601000		0		0		0		0
36.63071480		127.45500160		305.86502000		0		0		0		0
36.63072040		127.45499210		305.80566000		0		0		0		0
36.63072570		127.45498300		305.83227000		0		0		0		0
36.63073060		127.45497440		305.81708000		0		0		0		0
36.63073520		127.45496630		305.27741000		0		0		0		0
36.63073940		127.45495890		305.39180000		0		0		0		0
36.63074330		127.45495220		305.59933000		0		0		0		0
36.63074670		127.45494620		305.69410000		0		0		0		0
36.63074970		127.45494080		305.11231000		0		0		0		0
36.63075230		127.45493610		304.94576000		0		0		0		0
36.63075460		127.45493220		305.15482000		0		0		0		0
36.63075650		127.45492890		306.04575000		0		0		0		0
36.63075800		127.45492630		305.83074000		0		0		0		0
36.63075900		127.45492440		305.35940000		0		0		0		0
36.63075980		127.45492310		306.08687000		0		0		0		0
36.63076010		127.45492240		305.66831000		0		0		0		0
36.63076020		127.45492230		305.66831000		0		0		0		0
36.63076010		127.45492240		305.66831000		0		0		0		0
36.63076010		127.45492230		305.66831000		0		0		0		0
36.63076010		127.45492230		305.66831000		0		0		0		0
36.63076010		127.45492230		305.66831000		0		0		0		0
