GNSS heading		dr_yaw_angle		yaw_rate_accum_tmp		steer_angle		str_moving_avg_result		stanley_steering_angle		path_angle		dr_yaw_angle		psi		stanley_atan		s		triangle_area		distance_a		distance_b		distance_c		x_error
176.04643000		176.04643000		0.00000000		 0		0.00000000		0.00000000		0.00000000		176.04643000		0.00000000		0.00000000		0.00000000		0.00000000		0.00000000		0.00000000		0.00000000		0.00000000
176.04643000		176.04459796		-0.00682209		-7		0.00000000		-0.43239199		0.00000000		176.04459796		0.00000000		0.00000000		0.00000000		0.00000000		0.00000000		0.00000000		0.00000000		0.00000000
176.04643000		176.04530779		-0.01168536		-7		0.00000000		-0.43136761		0.00000000		176.04530779		0.00000000		0.00000000		0.00000000		0.00000000		0.00000000		0.00000000		0.00000000		0.00000000
176.04643000		176.04657813		-0.01285649		-7		0.00000000		-0.43233189		0.00000000		176.04657808		0.00000000		0.00000000		0.00000000		0.00000000		0.00000000		0.00000000		0.00000000		0.00000000
176.04643000		176.04718575		-0.00749145		-7		0.00000000		-0.42962646		0.00000000		176.04718575		0.00000000		0.00000000		0.00000000		0.00000000		0.00000000		0.00000000		0.00000000		0.00000000
176.04643000		176.04450179		-0.00970974		-5		0.00000000		-0.35670320		0.00000000		176.04450179		0.00000000		0.00000000		0.00000000		0.00000000		0.00000000		0.00000000		0.00000000		0.00000000
176.04643000		176.04707019		-0.01299111		-6		0.00000000		-0.37307996		0.00000000		176.04707019		0.00000000		0.00000000		0.00000000		0.00000000		0.00000000		0.00000000		0.00000000		0.00000000
176.04643000		176.04676795		-0.01726722		-7		0.00000000		-0.43110295		0.00000000		176.04676795		0.00000000		0.00000000		0.00000000		0.00000000		0.00000000		0.00000000		0.00000000		0.00000000
176.04643000		176.04756569		-0.01810448		-7		0.00000000		-0.43158750		0.00000000		176.04756569		0.00000000		0.00000000		0.00000000		0.00000000		0.00000000		0.00000000		0.00000000		0.00000000
176.04643000		176.04718966		-0.02480670		-6		0.00000000		-0.41268618		0.00000000		176.04718966		0.00000000		0.00000000		0.00000000		0.00000000		0.00000000		0.00000000		0.00000000		0.00000000
176.04643000		176.04493923		-0.02076804		-6		0.00000000		-0.39842477		0.00000000		176.04493923		0.00000000		0.00000000		0.00000000		0.00000000		0.00000000		0.00000000		0.00000000		0.00000000
176.04643000		176.05008848		-0.01268727		-7		0.00000000		-0.42963928		0.00000000		176.05008848		0.00000000		0.00000000		0.00000000		0.00000000		0.00000000		0.00000000		0.00000000		0.00000000
174.92017000		174.91645072		-0.03896327		-3		0.00000000		-0.23198711		0.00000000		174.91645072		0.00000000		0.00000000		0.00000000		0.00000000		0.00000000		0.00000000		0.00000000		0.00000000
175.87665000		175.89279549		-0.05090303		-7		0.00000000		-0.43608564		0.00000000		175.89279549		0.00000000		0.00000000		0.00000000		0.00000000		0.00000000		0.00000000		0.00000000		0.00000000
176.13881000		176.18160625		0.37584942		-9		0.00000000		-0.58780809		0.00000000		176.18160625		0.00000000		0.00000000		0.00000000		0.00000000		0.00000000		0.00000000		0.00000000		0.00000000
177.09488000		177.16395179		1.03205402		-7		0.00000000		-0.42734384		0.00000000		177.16395179		0.00000000		0.00000000		0.00000000		0.00000000		0.00000000		0.00000000		0.00000000		0.00000000
177.47191000		177.59221685		2.14929952		0		0.00000000		0.05084982		0.00000000		177.59222246		0.00000000		0.00000000		0.00000000		0.00000000		0.00000000		0.00000000		0.00000000		0.00000000
179.18606000		179.27853894		3.35969719		16		0.00000000		0.97613982		0.00000000		179.27853894		0.00000000		0.00000000		0.00000000		0.00000000		0.00000000		0.00000000		0.00000000		0.00000000
179.33743000		179.30534588		3.46741853		40		0.00000000		2.44749355		0.00000000		179.30534588		0.00000000		0.00000000		0.00000000		0.00000000		0.00000000		0.00000000		0.00000000		0.00000000
178.92417000		178.89050970		3.17524498		61		0.00000000		3.70973324		0.00000000		178.89050970		0.00000000		0.00000000		0.00000000		0.00000000		0.00000000		0.00000000		0.00000000		0.00000000
177.55525000		177.18101292		1.08442891		149		0.00000000		8.96308174		0.00000000		177.18098479		0.00000000		0.00000000		0.00000000		0.00000000		0.00000000		0.00000000		0.00000000		0.00000000
168.85846000		167.62606339		-8.09660390		323		0.00000000		19.41985397		0.00000000		167.62598345		0.00000000		0.00000000		0.00000000		0.00000000		0.00000000		0.00000000		0.00000000		0.00000000
149.95185000		148.02384531		-24.97974324		415		0.00000000		24.93734607		0.00000000		148.02384531		0.00000000		0.00000000		0.00000000		0.00000000		0.00000000		0.00000000		0.00000000		0.00000000
129.04704000		127.36159991		-43.85241420		407		0.00000000		24.43244970		0.00000000		127.36151448		0.00000000		0.00000000		0.00000000		0.00000000		0.00000000		0.00000000		0.00000000		0.00000000
107.96472000		106.13823455		-62.99655295		258		0.00000000		15.50346707		0.00000000		106.13823455		0.00000000		0.00000000		0.00000000		0.00000000		0.00000000		0.00000000		0.00000000		0.00000000
93.74971000		    93.13848748		-75.32018497		81		0.00000000		4.88734749		0.00000000		93.13848748		0.00000000		0.00000000		0.00000000		0.00000000		0.00000000		0.00000000		0.00000000		0.00000000
90.78427000		90.78317205		-77.27460946		15		0.00000000		0.90287135		0.00000000		90.78317205		0.00000000		0.00000000		0.00000000		0.00000000		0.00000000		0.00000000		0.00000000		0.00000000
90.76975000		90.88441864		-77.13173923		7		0.00000000		0.46002747		0.00000000		90.88441864		0.00000000		0.00000000		0.00000000		0.00000000		0.00000000		0.00000000		0.00000000		0.00000000
91.74265000		91.62827641		-76.48059259		17		0.00000000		1.07485026		0.00000000		91.62827641		0.00000000		0.00000000		0.00000000		0.00000000		0.00000000		0.00000000		0.00000000		0.00000000
89.17439000		89.01587490		-78.70218101		10		0.00000000		0.60414412		0.00000000		89.01587490		0.00000000		0.00000000		0.00000000		0.00000000		0.00000000		0.00000000		0.00000000		0.00000000
89.47551000		89.64131593		-78.09762378		-3		0.00000000		-0.22479052		0.00000000		89.64132579		0.00000000		0.00000000		0.00000000		0.00000000		0.00000000		0.00000000		0.00000000		0.00000000
90.09390000		89.93332787		-78.01600776		10		0.00000000		0.65235627		0.00000000		89.93331913		0.00000000		0.00000000		0.00000000		0.00000000		0.00000000		0.00000000		0.00000000		0.00000000
88.60137000		88.59859621		-79.35806462		-1		0.00000000		-0.07071322		0.00000000		88.59859621		0.00000000		0.00000000		0.00000000		0.00000000		0.00000000		0.00000000		0.00000000		0.00000000
89.37320000		89.47329199		-78.05601582		-2		0.00000000		-0.17465863		0.00000000		89.47329734		0.00000000		0.00000000		0.00000000		0.00000000		0.00000000		0.00000000		0.00000000		0.00000000
88.37701000		88.27285320		-79.04122770		5		0.00000000		0.34931579		0.00000000		88.27285320		0.00000000		0.00000000		0.00000000		0.00000000		0.00000000		0.00000000		0.00000000		0.00000000
89.51296000		89.58042389		-78.28128063		-1		0.00000000		-0.06298301		0.00000000		89.58042714		0.00000000		0.00000000		0.00000000		0.00000000		0.00000000		0.00000000		0.00000000		0.00000000
90.20832000		90.30501106		-77.47888402		15		0.00000000		0.90092054		0.00000000		90.30501106		0.00000000		0.00000000		0.00000000		0.00000000		0.00000000		0.00000000		0.00000000		0.00000000
88.93293000		88.79746018		-78.01515477		26		0.00000000		1.61501399		0.00000000		88.79746018		0.00000000		0.00000000		0.00000000		0.00000000		0.00000000		0.00000000		0.00000000		0.00000000
89.61126000		89.51347119		-78.22700238		20		0.00000000		1.21040213		0.00000000		89.51347119		0.00000000		0.00000000		0.00000000		0.00000000		0.00000000		0.00000000		0.00000000		0.00000000
89.27930000		89.15989699		-78.81674909		12		0.00000000		0.73968857		0.00000000		89.15988859		0.00000000		0.00000000		0.00000000		0.00000000		0.00000000		0.00000000		0.00000000		0.00000000
89.12120000		89.25805936		-78.30177963		2		0.00000000		0.12432628		0.00000000		89.25805936		0.00000000		0.00000000		0.00000000		0.00000000		0.00000000		0.00000000		0.00000000		0.00000000
88.84530000		88.63969300		-78.56729682		9		0.00000000		0.58471504		0.00000000		88.63968171		0.00000000		0.00000000		0.00000000		0.00000000		0.00000000		0.00000000		0.00000000		0.00000000
88.04385000		88.05387831		-78.50099777		-1		0.00000000		-0.10341638		0.00000000		88.05387831		0.00000000		0.00000000		0.00000000		0.00000000		0.00000000		0.00000000		0.00000000		0.00000000
88.27836000		88.41934184		-78.71810383		-7		0.00000000		-0.42934348		0.00000000		88.41934184		0.00000000		0.00000000		0.00000000		0.00000000		0.00000000		0.00000000		0.00000000		0.00000000
89.46037000		89.34692689		-78.40373268		0		0.00000000		0.05345113		0.00000000		89.34692045		0.00000000		0.00000000		0.00000000		0.00000000		0.00000000		0.00000000		0.00000000		0.00000000
89.95150000		90.06306815		-78.02804444		-2		0.00000000		-0.16310626		0.00000000		90.06306815		0.00000000		0.00000000		0.00000000		0.00000000		0.00000000		0.00000000		0.00000000		0.00000000
90.32094000		90.32113009		-77.27341430		12		0.00000000		0.75993436		0.00000000		90.32113002		0.00000000		0.00000000		0.00000000		0.00000000		0.00000000		0.00000000		0.00000000		0.00000000
89.69486000		89.33354864		-78.80883974		84		0.00000000		5.06604759		0.00000000		89.33349177		0.00000000		0.00000000		0.00000000		0.00000000		0.00000000		0.00000000		0.00000000		0.00000000
82.47547000		81.00811582		-87.63605336		205		0.00000000		12.35551800		0.00000000		81.00811582		0.00000000		0.00000000		0.00000000		0.00000000		0.00000000		0.00000000		0.00000000		0.00000000
61.33175000		58.93918587		-105.57909868		296		0.00000000		17.79532925		0.00000000		58.93904326		0.00000000		0.00000000		0.00000000		0.00000000		0.00000000		0.00000000		0.00000000		0.00000000
36.63073000		34.24996610		-127.52407997		295		0.00000000		17.71619615		0.00000000		34.24996610		0.00000000		0.00000000		0.00000000		0.00000000		0.00000000		0.00000000		0.00000000		0.00000000
14.95631000		13.33913664		-145.86098817		216		0.00000000		12.99022227		0.00000000		13.33913664		0.00000000		0.00000000		0.00000000		0.00000000		0.00000000		0.00000000		0.00000000		0.00000000
4.39427000		3.63665968		-155.74838027		108		0.00000000		6.50701895		0.00000000		3.63662663		0.00000000		0.00000000		0.00000000		0.00000000		0.00000000		0.00000000		0.00000000		0.00000000
0.12919000		0.05536450		-158.18914027		33		0.00000000		2.02991610		0.00000000		0.05536450		0.00000000		0.00000000		0.00000000		0.00000000		0.00000000		0.00000000		0.00000000		0.00000000
356.34267000		356.00811295		-161.45779408		-49		0.00000000		-2.95870097		0.00000000		356.00811295		0.00000000		0.00000000		0.00000000		0.00000000		0.00000000		0.00000000		0.00000000		0.00000000
355.65958000		355.90396059		-161.87888350		-56		0.00000000		-3.36333531		0.00000000		355.90396059		0.00000000		0.00000000		0.00000000		0.00000000		0.00000000		0.00000000		0.00000000		0.00000000
359.97023000		360.48937704		-157.72390327		-37		0.00000000		-2.25367296		0.00000000		360.48940265		0.00000000		0.00000000		0.00000000		0.00000000		0.00000000		0.00000000		0.00000000		0.00000000
5.55206000		5.70842205		-154.02218095		122		0.00000000		7.32555667		0.00000000		5.70842205		0.00000000		0.00000000		0.00000000		0.00000000		0.00000000		0.00000000		0.00000000		0.00000000
4.16144000		3.75635380		-155.69370762		66		0.00000000		4.01825037		0.00000000		3.75635380		0.00000000		0.00000000		0.00000000		0.00000000		0.00000000		0.00000000		0.00000000		0.00000000
359.12909000		358.67752156		-159.70249097		93		0.00000000		5.60156731		0.00000000		358.67750106		0.00000000		0.00000000		0.00000000		0.00000000		0.00000000		0.00000000		0.00000000		0.00000000
357.09658000		357.30613415		-160.53383175		-158		0.00000000		-9.51323273		0.00000000		357.30613415		0.00000000		0.00000000		0.00000000		0.00000000		0.00000000		0.00000000		0.00000000		0.00000000
358.32626000		358.23466045		-159.96515287		-7		0.00000000		-0.43480963		0.00000000		358.23466045		0.00000000		0.00000000		0.00000000		0.00000000		0.00000000		0.00000000		0.00000000		0.00000000
358.74865000		358.94732506		-159.23451097		-9		0.00000000		-0.55861244		0.00000000		358.94732506		0.00000000		0.00000000		0.00000000		0.00000000		0.00000000		0.00000000		0.00000000		0.00000000
0.75242000		0.83647068		-157.68115234		-168		0.00000000		-10.08544866		0.00000000		0.83647068		0.00000000		0.00000000		0.00000000		0.00000000		0.00000000		0.00000000		0.00000000		0.00000000
1.14832000		1.04150519		-158.00758278		123		0.00000000		7.39159062		0.00000000		1.04150519		0.00000000		0.00000000		0.00000000		0.00000000		0.00000000		0.00000000		0.00000000		0.00000000
358.55118000		357.97369220		-160.38372001		96		0.00000000		5.80074977		0.00000000		357.97369220		0.00000000		0.00000000		0.00000000		0.00000000		0.00000000		0.00000000		0.00000000		0.00000000
349.92257000		348.64259587		-169.78279933		426		0.00000000		25.56022990		0.00000000		348.64259587		0.00000000		0.00000000		0.00000000		0.00000000		0.00000000		0.00000000		0.00000000		0.00000000
331.28683000		329.15289887		-186.57529532		464		0.00000000		27.85718371		0.00000000		329.15289887		0.00000000		0.00000000		0.00000000		0.00000000		0.00000000		0.00000000		0.00000000		0.00000000
310.36169000		308.28602417		-205.93606400		413		0.00000000		24.80453187		0.00000000		308.28602417		0.00000000		0.00000000		0.00000000		0.00000000		0.00000000		0.00000000		0.00000000		0.00000000
292.58102000		290.99113510		-221.84311723		300		0.00000000		18.04183501		0.00000000		290.99113510		0.00000000		0.00000000		0.00000000		0.00000000		0.00000000		0.00000000		0.00000000		0.00000000
278.96367000		277.53876407		-233.53746989		185		0.00000000		11.13394672		0.00000000		277.53876407		0.00000000		0.00000000		0.00000000		0.00000000		0.00000000		0.00000000		0.00000000		0.00000000
270.07699000		269.63873102		-240.56670489		51		0.00000000		3.09142659		0.00000000		269.63873102		0.00000000		0.00000000		0.00000000		0.00000000		0.00000000		0.00000000		0.00000000		0.00000000
269.79137000		270.03015807		-239.85598762		0		0.00000000		0.02368698		0.00000000		270.03015807		0.00000000		0.00000000		0.00000000		0.00000000		0.00000000		0.00000000		0.00000000		0.00000000
270.95399000		270.89216552		-238.96735738		14		0.00000000		0.85604066		0.00000000		270.89216552		0.00000000		0.00000000		0.00000000		0.00000000		0.00000000		0.00000000		0.00000000		0.00000000
270.14992000		270.04147209		-240.03347013		14		0.00000000		0.87531111		0.00000000		270.04147209		0.00000000		0.00000000		0.00000000		0.00000000		0.00000000		0.00000000		0.00000000		0.00000000
270.39077000		270.34299569		-240.05650143		6		0.00000000		0.39474212		0.00000000		270.34299569		0.00000000		0.00000000		0.00000000		0.00000000		0.00000000		0.00000000		0.00000000		0.00000000
269.10518000		269.11121188		-240.88326046		2		0.00000000		0.16314526		0.00000000		269.11121245		0.00000000		0.00000000		0.00000000		0.00000000		0.00000000		0.00000000		0.00000000		0.00000000
269.27344000		269.28142519		-240.35755529		-2		0.00000000		-0.16476323		0.00000000		269.28142519		0.00000000		0.00000000		0.00000000		0.00000000		0.00000000		0.00000000		0.00000000		0.00000000
268.95252000		268.93024966		-240.96386331		0		0.00000000		0.03151139		0.00000000		268.93024966		0.00000000		0.00000000		0.00000000		0.00000000		0.00000000		0.00000000		0.00000000		0.00000000
269.31502000		269.37679980		-240.61335596		-2		0.00000000		-0.12682021		0.00000000		269.37679980		0.00000000		0.00000000		0.00000000		0.00000000		0.00000000		0.00000000		0.00000000		0.00000000
269.02019000		268.90900907		-241.05081487		0		0.00000000		0.03275239		0.00000000		268.90900907		0.00000000		0.00000000		0.00000000		0.00000000		0.00000000		0.00000000		0.00000000		0.00000000
269.09853000		269.18378693		-240.86480868		-2		0.00000000		-0.14183338		0.00000000		269.18379233		0.00000000		0.00000000		0.00000000		0.00000000		0.00000000		0.00000000		0.00000000		0.00000000
269.59640000		269.52602081		-240.55833687		0		0.00000000		0.01604268		0.00000000		269.52602081		0.00000000		0.00000000		0.00000000		0.00000000		0.00000000		0.00000000		0.00000000		0.00000000
268.25206000		268.30391956		-240.90669398		-1		0.00000000		-0.11265139		0.00000000		268.30391956		0.00000000		0.00000000		0.00000000		0.00000000		0.00000000		0.00000000		0.00000000		0.00000000
269.36436000		269.30154312		-240.74707692		-3		0.00000000		-0.22500843		0.00000000		269.30154055		0.00000000		0.00000000		0.00000000		0.00000000		0.00000000		0.00000000		0.00000000		0.00000000
268.66930000		268.73249599		-240.87532917		-3		0.00000000		-0.21314080		0.00000000		268.73249599		0.00000000		0.00000000		0.00000000		0.00000000		0.00000000		0.00000000		0.00000000		0.00000000
269.68165000		269.76446753		-240.52323258		-2		0.00000000		-0.13148390		0.00000000		269.76446753		0.00000000		0.00000000		0.00000000		0.00000000		0.00000000		0.00000000		0.00000000		0.00000000
269.94218000		270.01243530		-240.23146078		3		0.00000000		0.23183514		0.00000000		270.01243530		0.00000000		0.00000000		0.00000000		0.00000000		0.00000000		0.00000000		0.00000000		0.00000000
269.60434000		269.61057911		-240.21040117		5		0.00000000		0.33750400		0.00000000		269.61057911		0.00000000		0.00000000		0.00000000		0.00000000		0.00000000		0.00000000		0.00000000		0.00000000
270.28121000		270.24704488		-240.18304261		8		0.00000000		0.49263466		0.00000000		270.24704488		0.00000000		0.00000000		0.00000000		0.00000000		0.00000000		0.00000000		0.00000000		0.00000000
269.74208000		269.71642779		-240.35831577		12		0.00000000		0.74133102		0.00000000		269.71642677		0.00000000		0.00000000		0.00000000		0.00000000		0.00000000		0.00000000		0.00000000		0.00000000
269.70439000		269.68413226		-240.51093709		18		0.00000000		1.12195960		0.00000000		269.68413226		0.00000000		0.00000000		0.00000000		0.00000000		0.00000000		0.00000000		0.00000000		0.00000000
268.94714000		268.53573727		-241.40983913		45		0.00000000		2.70560301		0.00000000		268.53571592		0.00000000		0.00000000		0.00000000		0.00000000		0.00000000		0.00000000		0.00000000		0.00000000
261.68772000		260.13662432		-249.98204829		77		0.00000000		4.66622002		0.00000000		260.13662432		0.00000000		0.00000000		0.00000000		0.00000000		0.00000000		0.00000000		0.00000000		0.00000000
241.87870000		239.58535451		-266.94261811		30		0.00000000		1.82557180		0.00000000		239.58522300		0.00000000		0.00000000		0.00000000		0.00000000		0.00000000		0.00000000		0.00000000		0.00000000
230.95921000		230.55391935		-274.55788149		-81		0.00000000		-4.88847233		0.00000000		230.55391935		0.00000000		0.00000000		0.00000000		0.00000000		0.00000000		0.00000000		0.00000000		0.00000000
230.96876000		230.70664757		-276.66966988		-83		0.00000000		-5.03541254		0.00000000		230.70664757		0.00000000		0.00000000		0.00000000		0.00000000		0.00000000		0.00000000		0.00000000		0.00000000
224.70173000		224.22732117		-278.97507467		-33		0.00000000		-2.01889404		0.00000000		224.22732117		0.00000000		0.00000000		0.00000000		0.00000000		0.00000000		0.00000000		0.00000000		0.00000000
226.11631000		222.17053111		-280.70599997		-98		0.00000000		-5.91031819		0.00000000		222.17053111		0.00000000		0.00000000		0.00000000		0.00000000		0.00000000		0.00000000		0.00000000		0.00000000
221.17412000		220.83330894		-282.27753275		-149		0.00000000		-8.98721480		0.00000000		220.83328942		0.00000000		0.00000000		0.00000000		0.00000000		0.00000000		0.00000000		0.00000000		0.00000000
221.03958000		220.88797135		-284.24675259		-72		0.00000000		-4.34724940		0.00000000		220.88797135		0.00000000		0.00000000		0.00000000		0.00000000		0.00000000		0.00000000		0.00000000		0.00000000
219.68704000		219.56170305		-285.19180188		-19		0.00000000		-1.16387863		0.00000000		219.56170305		0.00000000		0.00000000		0.00000000		0.00000000		0.00000000		0.00000000		0.00000000		0.00000000
215.19681000		214.97004657		-286.03601110		0		0.00000000		0.05337060		0.00000000		214.97004657		0.00000000		0.00000000		0.00000000		0.00000000		0.00000000		0.00000000		0.00000000		0.00000000
211.51856000		210.88232424		-289.90742891		-2		0.00000000		-0.17109875		0.00000000		210.88232424		0.00000000		0.00000000		0.00000000		0.00000000		0.00000000		0.00000000		0.00000000		0.00000000
211.62587000		210.98910180		-294.26284764		-33		0.00000000		-1.99086823		0.00000000		210.98910180		0.00000000		0.00000000		0.00000000		0.00000000		0.00000000		0.00000000		0.00000000		0.00000000
206.96979000		206.47870826		-298.51434280		-7		0.00000000		-0.46042417		0.00000000		206.47869026		0.00000000		0.00000000		0.00000000		0.00000000		0.00000000		0.00000000		0.00000000		0.00000000
206.58642000		206.41709048		-300.37450530		23		0.00000000		1.40247907		0.00000000		206.41709048		0.00000000		0.00000000		0.00000000		0.00000000		0.00000000		0.00000000		0.00000000		0.00000000
202.30410000		201.35688309		-301.74999034		75		0.00000000		4.55997276		0.00000000		201.35688309		0.00000000		0.00000000		0.00000000		0.00000000		0.00000000		0.00000000		0.00000000		0.00000000
198.25067000		197.35938378		-305.16921382		139		0.00000000		8.39921170		0.00000000		197.35938378		0.00000000		0.00000000		0.00000000		0.00000000		0.00000000		0.00000000		0.00000000		0.00000000
192.47590000		191.72241427		-310.38422930		161		0.00000000		9.71983666		0.00000000		191.72237739		0.00000000		0.00000000		0.00000000		0.00000000		0.00000000		0.00000000		0.00000000		0.00000000
186.01428000		184.93292198		-316.48873368		165		0.00000000		9.94111027		0.00000000		184.93287186		0.00000000		0.00000000		0.00000000		0.00000000		0.00000000		0.00000000		0.00000000		0.00000000
179.85299000		179.43180945		-321.44932487		117		0.00000000		7.07342679		0.00000000		179.43180945		0.00000000		0.00000000		0.00000000		0.00000000		0.00000000		0.00000000		0.00000000		0.00000000
177.17668000		177.08717006		-322.63002389		56		0.00000000		3.37829412		0.00000000		177.08717006		0.00000000		0.00000000		0.00000000		0.00000000		0.00000000		0.00000000		0.00000000		0.00000000
