GNSS heading		dr_yaw_angle		yaw_rate_accum_tmp		steer_angle		str_moving_avg_result		stanley_steering_angle		path_angle		dr_yaw_angle		psi		stanley_atan		s		triangle_area		distance_a		distance_b		distance_c		x_error
171.65904000		171.65896864		-0.00007138		0		0.00000000		0.01880307		0.00000000		171.65896853		0.00000000		0.00000000		0.00000000		0.00000000		0.00000000		0.00000000		0.00000000		0.00000000
169.65789000		169.89839432		0.67028594		-74		0.00000000		-4.44372602		0.00000000		169.89841187		0.00000000		0.00000000		0.00000000		0.00000000		0.00000000		0.00000000		0.00000000		0.00000000
175.90585000		176.27455874		3.53579318		-34		0.00000000		-2.07336710		0.00000000		176.27455874		0.00000000		0.00000000		0.00000000		0.00000000		0.00000000		0.00000000		0.00000000		0.00000000
174.49492000		174.16001458		2.89770677		8		0.00000000		0.49899536		0.00000000		174.16001458		0.00000000		0.00000000		0.00000000		0.00000000		0.00000000		0.00000000		0.00000000		0.00000000
174.33529000		173.91435827		1.86564268		151		0.00000000		9.11702280		0.00000000		173.91435827		0.00000000		0.00000000		0.00000000		0.00000000		0.00000000		0.00000000		0.00000000		0.00000000
164.33728000		162.52535305		-6.19889913		454		0.00000000		27.25634763		0.00000000		162.52535305		0.00000000		0.00000000		0.00000000		0.00000000		0.00000000		0.00000000		0.00000000		0.00000000
147.14175000		143.71907520		-24.78419819		500		0.00000000		30.96996410		0.00000000		143.71883271		0.00000000		0.00000000		0.00000000		0.00000000		0.00000000		0.00000000		0.00000000		0.00000000
121.18160000		120.07315340		-41.20291681		204		0.00000000		12.27138191		0.00000000		120.07315340		0.00000000		0.00000000		0.00000000		0.00000000		0.00000000		0.00000000		0.00000000		0.00000000
121.95869000		121.89370470		-43.61604386		271		0.00000000		16.31585707		0.00000000		121.89370470		0.00000000		0.00000000		0.00000000		0.00000000		0.00000000		0.00000000		0.00000000		0.00000000
